           PIP1            PIP2            PIP3            PIP4           alpha
  0.9342500E+00   0.5890000E-01   0.6150000E-02   0.7000000E-03  -0.2514607E+00
  0.9324000E+00   0.5865000E-01   0.7700000E-02   0.1250000E-02   0.9505604E+00
  0.9290500E+00   0.6005000E-01   0.8050000E-02   0.2850000E-02   0.1971687E+01
  0.9330000E+00   0.6010000E-01   0.6050000E-02   0.8500000E-03   0.8272395E-01
  0.9321500E+00   0.6105000E-01   0.5950000E-02   0.8500000E-03   0.1666428E+00
  0.9332000E+00   0.5955000E-01   0.6350000E-02   0.9000000E-03   0.4281650E+00
  0.9371000E+00   0.5610000E-01   0.6100000E-02   0.7000000E-03  -0.2819688E+00
  0.9326500E+00   0.5960000E-01   0.6600000E-02   0.1150000E-02  -0.7375256E+00
  0.9352500E+00   0.5725000E-01   0.6500000E-02   0.1000000E-02  -0.4002221E+00
  0.9318000E+00   0.6150000E-01   0.5900000E-02   0.8000000E-03   0.6233237E+00
  0.9345000E+00   0.5830000E-01   0.6250000E-02   0.9500000E-03   0.2823453E+00
  0.9307500E+00   0.5995000E-01   0.7950000E-02   0.1350000E-02   0.1317636E+01
  0.9286000E+00   0.5985000E-01   0.9000000E-02   0.2550000E-02  -0.1865243E+01
  0.9335500E+00   0.5880000E-01   0.6200000E-02   0.1450000E-02  -0.1052269E+01
  0.9306500E+00   0.5995000E-01   0.8000000E-02   0.1400000E-02  -0.1447672E+01
  0.9358500E+00   0.5880000E-01   0.4750000E-02   0.6000000E-03   0.5664980E-01
  0.9353000E+00   0.5870000E-01   0.5150000E-02   0.8500000E-03  -0.8382362E-01
  0.9334000E+00   0.5930000E-01   0.6350000E-02   0.9500000E-03  -0.4688353E+00
  0.9357500E+00   0.5715000E-01   0.5950000E-02   0.1150000E-02  -0.2353924E+00
  0.9344500E+00   0.5820000E-01   0.6350000E-02   0.1000000E-02  -0.6418679E+00
  0.9354500E+00   0.5815000E-01   0.5750000E-02   0.6500000E-03  -0.3877590E+00
  0.9285500E+00   0.6040000E-01   0.8950000E-02   0.2100000E-02  -0.1891593E+01
  0.9302000E+00   0.6200000E-01   0.6500000E-02   0.1300000E-02  -0.1192030E+01
  0.9379500E+00   0.5695000E-01   0.4400000E-02   0.7000000E-03   0.2671442E-01
  0.9319500E+00   0.6110000E-01   0.6250000E-02   0.7000000E-03  -0.3639846E+00
  0.9331000E+00   0.5835000E-01   0.7700000E-02   0.8500000E-03  -0.1079857E+01
  0.9327500E+00   0.6110000E-01   0.5550000E-02   0.6000000E-03  -0.6463680E+00
  0.9370500E+00   0.5810000E-01   0.3950000E-02   0.9000000E-03  -0.1535276E+00
  0.9289000E+00   0.6110000E-01   0.7200000E-02   0.2800000E-02   0.1934323E+01
  0.9292500E+00   0.6190000E-01   0.7450000E-02   0.1400000E-02   0.1667640E+01
  0.9259000E+00   0.6155000E-01   0.1030000E-01   0.2250000E-02   0.2106955E+01
  0.9369500E+00   0.5730000E-01   0.4950000E-02   0.8000000E-03  -0.2958866E-01
  0.9344500E+00   0.5920000E-01   0.5500000E-02   0.8500000E-03   0.2527034E+00
  0.9360000E+00   0.5700000E-01   0.5950000E-02   0.1050000E-02   0.2580167E-01
  0.9353000E+00   0.5810000E-01   0.5850000E-02   0.7500000E-03  -0.2958784E-01
  0.9301000E+00   0.6375000E-01   0.5200000E-02   0.9500000E-03  -0.5613508E+00
  0.9344000E+00   0.5815000E-01   0.6650000E-02   0.8000000E-03  -0.9173214E+00
  0.9349500E+00   0.5865000E-01   0.5750000E-02   0.6500000E-03   0.2845520E+00
  0.9305000E+00   0.6335000E-01   0.5550000E-02   0.6000000E-03  -0.1757421E+00
  0.9347000E+00   0.5870000E-01   0.5600000E-02   0.1000000E-02  -0.4749514E+00
  0.9348500E+00   0.5740000E-01   0.7250000E-02   0.5000000E-03   0.2885860E+00
  0.9309000E+00   0.5955000E-01   0.8150000E-02   0.1400000E-02  -0.1399988E+01
  0.9343500E+00   0.5960000E-01   0.5250000E-02   0.8000000E-03  -0.1435819E+00
  0.9348500E+00   0.5920000E-01   0.5350000E-02   0.6000000E-03  -0.1943667E+00
  0.9344000E+00   0.5860000E-01   0.6500000E-02   0.5000000E-03   0.9139191E-01
  0.9330000E+00   0.5965000E-01   0.6500000E-02   0.8500000E-03  -0.5477804E+00
  0.9330500E+00   0.6045000E-01   0.5950000E-02   0.5500000E-03  -0.5678470E+00
  0.9333500E+00   0.5950000E-01   0.6450000E-02   0.7000000E-03  -0.5268053E+00
  0.9350500E+00   0.5775000E-01   0.6400000E-02   0.8000000E-03  -0.4942431E+00
  0.9344500E+00   0.5830000E-01   0.6750000E-02   0.5000000E-03  -0.2778690E+00
  0.9335000E+00   0.6010000E-01   0.5600000E-02   0.8000000E-03  -0.5650829E+00
  0.9375000E+00   0.5710000E-01   0.4800000E-02   0.6000000E-03  -0.3268610E+00
  0.9343000E+00   0.5950000E-01   0.5500000E-02   0.7000000E-03   0.1326017E-01
  0.9319000E+00   0.6155000E-01   0.5750000E-02   0.8000000E-03  -0.2573738E+00
  0.9368500E+00   0.5695000E-01   0.5600000E-02   0.6000000E-03  -0.2600639E+00
  0.9330000E+00   0.6055000E-01   0.5250000E-02   0.1200000E-02  -0.2098758E+00
  0.9330000E+00   0.6020000E-01   0.5700000E-02   0.1100000E-02   0.5227164E-01
  0.9362500E+00   0.5695000E-01   0.5750000E-02   0.1050000E-02  -0.3207743E+00
  0.9358000E+00   0.5700000E-01   0.6150000E-02   0.1050000E-02  -0.8818447E+00
  0.9342000E+00   0.5940000E-01   0.5350000E-02   0.1050000E-02   0.1425304E+00
  0.9330500E+00   0.6065000E-01   0.5650000E-02   0.6500000E-03  -0.2920106E+00
  0.9337000E+00   0.5980000E-01   0.5850000E-02   0.6500000E-03   0.9669282E-01
  0.9361000E+00   0.5725000E-01   0.5750000E-02   0.9000000E-03  -0.2479465E+00
  0.9339500E+00   0.5870000E-01   0.6300000E-02   0.1050000E-02   0.3606964E+00
  0.9337000E+00   0.5830000E-01   0.6500000E-02   0.1500000E-02   0.8004619E+00
  0.9326500E+00   0.6110000E-01   0.5400000E-02   0.8500000E-03   0.7390383E+00
  0.9272000E+00   0.6245000E-01   0.7750000E-02   0.2600000E-02   0.1651591E+01
  0.9295000E+00   0.6085000E-01   0.7900000E-02   0.1750000E-02   0.1472664E+01
  0.9297000E+00   0.6040000E-01   0.7300000E-02   0.2600000E-02   0.1536387E+01
  0.9300500E+00   0.5995000E-01   0.8450000E-02   0.1550000E-02   0.1368140E+01
  0.9311000E+00   0.6160000E-01   0.6000000E-02   0.1300000E-02   0.5972950E+00
  0.9332000E+00   0.5795000E-01   0.7550000E-02   0.1300000E-02   0.9639350E+00
  0.9218500E+00   0.6105000E-01   0.1070000E-01   0.6400000E-02   0.3958562E+01
  0.9332000E+00   0.5990000E-01   0.6200000E-02   0.7000000E-03  -0.4920251E+00
  0.9304500E+00   0.5965000E-01   0.7250000E-02   0.2650000E-02  -0.1705220E+01
  0.9325000E+00   0.6045000E-01   0.5950000E-02   0.1100000E-02  -0.2755394E-01
  0.9309500E+00   0.6140000E-01   0.6900000E-02   0.7500000E-03  -0.2299711E+00
  0.9328500E+00   0.5905000E-01   0.6800000E-02   0.1300000E-02  -0.8748161E+00
  0.9294000E+00   0.6130000E-01   0.7850000E-02   0.1450000E-02  -0.1445492E+01
  0.9380000E+00   0.5565000E-01   0.5250000E-02   0.1100000E-02   0.4955500E+00
  0.9330500E+00   0.5920000E-01   0.6250000E-02   0.1500000E-02  -0.8488809E+00
  0.9328500E+00   0.6195000E-01   0.4550000E-02   0.6500000E-03  -0.2550032E-01
  0.9311500E+00   0.6115000E-01   0.7000000E-02   0.7000000E-03  -0.2358246E+00
  0.9314000E+00   0.6120000E-01   0.6400000E-02   0.1000000E-02  -0.3964616E+00
  0.9339000E+00   0.6075000E-01   0.5050000E-02   0.3000000E-03  -0.7901784E-01
  0.9324500E+00   0.6000000E-01   0.6900000E-02   0.6500000E-03  -0.5536082E+00
  0.9350500E+00   0.5845000E-01   0.5950000E-02   0.5500000E-03   0.1739597E+00
  0.9319000E+00   0.5865000E-01   0.7550000E-02   0.1900000E-02  -0.1467321E+01
  0.9295500E+00   0.6040000E-01   0.7800000E-02   0.2250000E-02  -0.1559547E+01
  0.9308500E+00   0.6055000E-01   0.7000000E-02   0.1600000E-02   0.1303840E+01
  0.9302500E+00   0.6070000E-01   0.7150000E-02   0.1900000E-02  -0.1469209E+01
  0.9356000E+00   0.5760000E-01   0.5700000E-02   0.1100000E-02  -0.2320780E+00
  0.9342500E+00   0.5730000E-01   0.7700000E-02   0.7500000E-03  -0.4470967E+00
  0.9339500E+00   0.5870000E-01   0.6150000E-02   0.1200000E-02   0.6671024E+00
  0.9361500E+00   0.5775000E-01   0.5250000E-02   0.8500000E-03   0.3536003E+00
  0.9251500E+00   0.6195000E-01   0.9700000E-02   0.3200000E-02   0.2411754E+01
  0.9292000E+00   0.6195000E-01   0.7200000E-02   0.1650000E-02   0.1252804E+01
  0.9373500E+00   0.5690000E-01   0.4900000E-02   0.8500000E-03   0.3374513E+00
  0.9204000E+00   0.6625000E-01   0.9850000E-02   0.3500000E-02   0.2638818E+01
  0.9358500E+00   0.5765000E-01   0.5500000E-02   0.1000000E-02  -0.4343008E+00
  0.9244500E+00   0.6350000E-01   0.9650000E-02   0.2400000E-02  -0.2131101E+01
  0.9368000E+00   0.5565000E-01   0.6500000E-02   0.1050000E-02   0.3015697E+00
  0.9334000E+00   0.6030000E-01   0.5500000E-02   0.8000000E-03  -0.6234413E+00
  0.9355500E+00   0.5755000E-01   0.5800000E-02   0.1100000E-02  -0.7090789E+00
  0.9309000E+00   0.6140000E-01   0.6650000E-02   0.1050000E-02   0.4664496E+00
  0.9358500E+00   0.5710000E-01   0.6200000E-02   0.8500000E-03  -0.7573767E+00
  0.9304500E+00   0.6085000E-01   0.7350000E-02   0.1350000E-02  -0.1274467E+01
  0.9310000E+00   0.6155000E-01   0.6500000E-02   0.9500000E-03  -0.6865006E+00
  0.9340000E+00   0.5870000E-01   0.6400000E-02   0.9000000E-03   0.8812798E+00
  0.9371500E+00   0.5660000E-01   0.5100000E-02   0.1150000E-02  -0.2074424E+00
  0.9346500E+00   0.5945000E-01   0.5200000E-02   0.7000000E-03   0.4582978E+00
  0.9358000E+00   0.5845000E-01   0.4550000E-02   0.1200000E-02  -0.3319319E+00
  0.9343500E+00   0.5965000E-01   0.5150000E-02   0.8500000E-03  -0.9240017E-02
  0.9359500E+00   0.5770000E-01   0.5650000E-02   0.7000000E-03   0.2878893E+00
  0.9346500E+00   0.5840000E-01   0.5850000E-02   0.1100000E-02  -0.9568839E+00
  0.9322000E+00   0.6010000E-01   0.6800000E-02   0.9000000E-03  -0.1003123E+01
  0.9331500E+00   0.5810000E-01   0.7600000E-02   0.1150000E-02  -0.1010548E+01
  0.9324000E+00   0.5955000E-01   0.7200000E-02   0.8500000E-03  -0.3020257E+00
  0.9309500E+00   0.6145000E-01   0.6700000E-02   0.9000000E-03   0.1075528E+01
  0.9335000E+00   0.6055000E-01   0.5000000E-02   0.9500000E-03  -0.5199441E-01
  0.9352500E+00   0.5745000E-01   0.6100000E-02   0.1200000E-02   0.2925678E+00
  0.9246000E+00   0.6430000E-01   0.9400000E-02   0.1700000E-02   0.1687243E+01
  0.9330000E+00   0.5970000E-01   0.6400000E-02   0.9000000E-03  -0.2850408E+00
  0.9111000E+00   0.6560000E-01   0.1315000E-01   0.1015000E-01   0.6026503E+01
  0.9351500E+00   0.5870000E-01   0.5550000E-02   0.6000000E-03   0.4993920E+00
  0.9000000E+00   0.6490000E-01   0.1685000E-01   0.1825000E-01   0.1000067E+02
  0.9320500E+00   0.6130000E-01   0.5800000E-02   0.8500000E-03   0.7477910E+00
  0.9349000E+00   0.5780000E-01   0.6000000E-02   0.1300000E-02   0.8337078E+00
  0.9256500E+00   0.6160000E-01   0.9550000E-02   0.3200000E-02   0.2144036E+01
  0.9230000E+00   0.6295000E-01   0.9300000E-02   0.4750000E-02   0.2996855E+01
  0.9230000E+00   0.6330000E-01   0.9650000E-02   0.4050000E-02   0.2918168E+01
  0.9366000E+00   0.5720000E-01   0.5300000E-02   0.9000000E-03   0.4405936E+00
  0.9344500E+00   0.5955000E-01   0.5200000E-02   0.8000000E-03  -0.3001587E+00
  0.9332500E+00   0.5845000E-01   0.6750000E-02   0.1550000E-02  -0.8933987E+00
  0.9380500E+00   0.5695000E-01   0.4400000E-02   0.6000000E-03   0.1620818E+00
  0.9347500E+00   0.6005000E-01   0.4600000E-02   0.6000000E-03   0.4385256E+00
  0.6944500E+00   0.5975000E-01   0.3530000E-01   0.2105000E+00  -0.1180295E+03
  0.9295000E+00   0.6135000E-01   0.7550000E-02   0.1600000E-02   0.1094860E+01
  0.9302500E+00   0.6155000E-01   0.6650000E-02   0.1550000E-02   0.1223831E+01
  0.9332000E+00   0.5825000E-01   0.7150000E-02   0.1400000E-02   0.8713176E+00
  0.9298000E+00   0.6150000E-01   0.7100000E-02   0.1600000E-02   0.1027891E+01
  0.9339500E+00   0.5870000E-01   0.6350000E-02   0.1000000E-02   0.8614734E+00
  0.9328000E+00   0.5995000E-01   0.6400000E-02   0.8500000E-03  -0.4486485E-01
  0.9323500E+00   0.6110000E-01   0.5850000E-02   0.7000000E-03   0.1990250E+00
  0.9349500E+00   0.5960000E-01   0.4800000E-02   0.6500000E-03  -0.1276144E+00
  0.9383500E+00   0.5560000E-01   0.5450000E-02   0.6000000E-03   0.2635479E+00
  0.9342000E+00   0.5875000E-01   0.6000000E-02   0.1050000E-02  -0.4138084E+00
  0.9197000E+00   0.6400000E-01   0.1160000E-01   0.4700000E-02   0.3546931E+01
  0.9232500E+00   0.6440000E-01   0.9150000E-02   0.3200000E-02   0.2447456E+01
  0.9366500E+00   0.5740000E-01   0.5100000E-02   0.8500000E-03  -0.1569380E-01
  0.9200500E+00   0.6355000E-01   0.1175000E-01   0.4650000E-02   0.3490995E+01
  0.9333000E+00   0.5780000E-01   0.7450000E-02   0.1450000E-02   0.1060762E+01
  0.9309000E+00   0.6005000E-01   0.7700000E-02   0.1350000E-02   0.1537560E+01
  0.9278500E+00   0.6250000E-01   0.7800000E-02   0.1850000E-02   0.1351314E+01
  0.9348000E+00   0.5845000E-01   0.5900000E-02   0.8500000E-03   0.4736533E+00
  0.9372500E+00   0.5690000E-01   0.5400000E-02   0.4500000E-03   0.5347087E+00
  0.9368000E+00   0.5770000E-01   0.5000000E-02   0.5000000E-03  -0.1094104E+00
  0.9353500E+00   0.5685000E-01   0.7050000E-02   0.7500000E-03  -0.5548342E+00
  0.9374500E+00   0.5700000E-01   0.5000000E-02   0.5500000E-03   0.1028793E+00
  0.9314500E+00   0.6055000E-01   0.7000000E-02   0.1000000E-02  -0.7434981E+00
  0.9375000E+00   0.5660000E-01   0.5200000E-02   0.7000000E-03  -0.3232054E+00
  0.9412500E+00   0.5360000E-01   0.4650000E-02   0.5000000E-03   0.1394714E+00
  0.9355500E+00   0.5820000E-01   0.5450000E-02   0.8000000E-03   0.4420788E-02
  0.9319000E+00   0.6110000E-01   0.6100000E-02   0.9000000E-03   0.2033399E+00
  0.9341500E+00   0.5855000E-01   0.6400000E-02   0.9000000E-03  -0.5816292E-01
  0.9337500E+00   0.5995000E-01   0.5750000E-02   0.5500000E-03  -0.1928375E+00
  0.9321000E+00   0.6025000E-01   0.6850000E-02   0.8000000E-03  -0.1495019E+00
  0.9308000E+00   0.5945000E-01   0.7450000E-02   0.2300000E-02  -0.1707736E+01
  0.9370000E+00   0.5540000E-01   0.6000000E-02   0.1600000E-02   0.8013304E+00
  0.9223500E+00   0.6560000E-01   0.8750000E-02   0.3300000E-02  -0.2561201E+01
  0.9307000E+00   0.6090000E-01   0.7100000E-02   0.1300000E-02  -0.1307286E+01
  0.9278000E+00   0.5990000E-01   0.9750000E-02   0.2550000E-02   0.2196473E+01
  0.9338500E+00   0.5825000E-01   0.6600000E-02   0.1300000E-02   0.7504159E+00
  0.9346500E+00   0.5830000E-01   0.6000000E-02   0.1050000E-02   0.7251137E+00
  0.9271500E+00   0.6265000E-01   0.7850000E-02   0.2350000E-02   0.1875074E+01
  0.9348500E+00   0.5775000E-01   0.6150000E-02   0.1250000E-02   0.6898945E+00
  0.9300000E+00   0.6075000E-01   0.7050000E-02   0.2200000E-02  -0.1410079E+01
  0.9296500E+00   0.6170000E-01   0.7100000E-02   0.1550000E-02  -0.1094305E+01
  0.9312500E+00   0.6135000E-01   0.6400000E-02   0.1000000E-02  -0.7631437E+00
  0.9340500E+00   0.5835000E-01   0.6650000E-02   0.9500000E-03   0.5854946E+00
  0.9311000E+00   0.6155000E-01   0.6250000E-02   0.1100000E-02   0.3288156E+00
  0.9325500E+00   0.5860000E-01   0.7200000E-02   0.1650000E-02  -0.9672569E+00
  0.9371000E+00   0.5595000E-01   0.6000000E-02   0.9500000E-03  -0.1626814E+00
  0.9350000E+00   0.5945000E-01   0.4750000E-02   0.8000000E-03  -0.4094943E+00
  0.9320000E+00   0.6060000E-01   0.6600000E-02   0.8000000E-03   0.7617065E+00
  0.9349500E+00   0.5840000E-01   0.5850000E-02   0.8000000E-03  -0.6804445E+00
  0.9349000E+00   0.5870000E-01   0.6150000E-02   0.2500000E-03   0.1005170E+00
  0.9324000E+00   0.6110000E-01   0.5750000E-02   0.7500000E-03  -0.9333873E-01
  0.9364000E+00   0.5585000E-01   0.6800000E-02   0.9500000E-03   0.2461022E+00
  0.9341500E+00   0.5935000E-01   0.5550000E-02   0.9500000E-03   0.2700044E+00
  0.9350500E+00   0.5850000E-01   0.5800000E-02   0.6500000E-03  -0.2051007E+00
  0.9355000E+00   0.5715000E-01   0.6500000E-02   0.8500000E-03   0.6998766E+00
  0.9344000E+00   0.5910000E-01   0.5500000E-02   0.1000000E-02  -0.1699674E+00
  0.9324500E+00   0.6070000E-01   0.6150000E-02   0.7000000E-03  -0.4587106E+00
  0.9365000E+00   0.5615000E-01   0.6600000E-02   0.7500000E-03  -0.4152054E+00
  0.9249000E+00   0.6445000E-01   0.8450000E-02   0.2200000E-02  -0.1806186E+01
  0.9356500E+00   0.5860000E-01   0.5100000E-02   0.6500000E-03  -0.2663688E+00
  0.9348000E+00   0.5860000E-01   0.5700000E-02   0.9000000E-03  -0.6069491E+00
  0.9347000E+00   0.5840000E-01   0.6250000E-02   0.6500000E-03  -0.5371190E+00
  0.9375500E+00   0.5570000E-01   0.6000000E-02   0.7500000E-03  -0.3601368E+00
  0.9297000E+00   0.6150000E-01   0.7150000E-02   0.1650000E-02  -0.1367104E+01
  0.9350000E+00   0.5805000E-01   0.6050000E-02   0.9000000E-03   0.6294606E+00
  0.9330500E+00   0.5965000E-01   0.6550000E-02   0.7500000E-03   0.5826736E+00
  0.9340500E+00   0.5830000E-01   0.7200000E-02   0.4500000E-03   0.5726119E+00
  0.9366500E+00   0.5875000E-01   0.4000000E-02   0.6000000E-03   0.1508714E+00
  0.9362000E+00   0.5770000E-01   0.5400000E-02   0.7000000E-03   0.5665268E-03
  0.9074500E+00   0.6570000E-01   0.1590000E-01   0.1095000E-01  -0.7114767E+01
  0.9343000E+00   0.5945000E-01   0.5450000E-02   0.8000000E-03   0.1566096E+00
  0.9316000E+00   0.6075000E-01   0.6750000E-02   0.9000000E-03  -0.8784782E+00
  0.9324500E+00   0.6015000E-01   0.6400000E-02   0.1000000E-02   0.2010501E+00
  0.9377500E+00   0.5520000E-01   0.6350000E-02   0.7000000E-03  -0.2560596E+00
  0.9354500E+00   0.5715000E-01   0.6600000E-02   0.8000000E-03  -0.2618651E+00
  0.9356500E+00   0.5710000E-01   0.6150000E-02   0.1100000E-02   0.4441216E+00
  0.9349000E+00   0.5880000E-01   0.5350000E-02   0.9500000E-03   0.7413142E-01
  0.9310500E+00   0.6095000E-01   0.6600000E-02   0.1400000E-02  -0.1023503E+01
  0.9346500E+00   0.5960000E-01   0.4950000E-02   0.8000000E-03   0.1327642E+00
  0.9357500E+00   0.5785000E-01   0.5900000E-02   0.5000000E-03   0.9097519E-01
  0.9363000E+00   0.5795000E-01   0.5100000E-02   0.6500000E-03  -0.1283756E+00
  0.9353000E+00   0.5815000E-01   0.5600000E-02   0.9500000E-03  -0.2619726E+00
  0.9326500E+00   0.6150000E-01   0.5000000E-02   0.8500000E-03   0.1381107E+00
  0.9327500E+00   0.6005000E-01   0.6200000E-02   0.1000000E-02   0.5129176E+00
  0.9340500E+00   0.5985000E-01   0.5350000E-02   0.7500000E-03   0.3474413E+00
  0.9378500E+00   0.5525000E-01   0.6300000E-02   0.6000000E-03   0.4445000E+00
  0.9319500E+00   0.5970000E-01   0.6650000E-02   0.1700000E-02   0.1049989E+01
  0.9338500E+00   0.5705000E-01   0.7700000E-02   0.1400000E-02  -0.1458720E+01
  0.9315500E+00   0.5900000E-01   0.8050000E-02   0.1400000E-02  -0.1225711E+01
  0.9318500E+00   0.6035000E-01   0.6550000E-02   0.1250000E-02   0.1050540E+01
  0.9355000E+00   0.5720000E-01   0.6500000E-02   0.8000000E-03  -0.5304737E-01
  0.9364000E+00   0.5705000E-01   0.5550000E-02   0.1000000E-02  -0.3982320E+00
  0.9340000E+00   0.5885000E-01   0.6350000E-02   0.8000000E-03   0.2239950E+00
  0.9352500E+00   0.5815000E-01   0.5850000E-02   0.7500000E-03  -0.3550380E+00
  0.9340000E+00   0.5920000E-01   0.5600000E-02   0.1200000E-02   0.5037089E+00
  0.9271000E+00   0.6385000E-01   0.7550000E-02   0.1500000E-02   0.1343745E+01
  0.9309000E+00   0.6145000E-01   0.6600000E-02   0.1050000E-02  -0.8545499E+00
  0.9366000E+00   0.5690000E-01   0.5800000E-02   0.7000000E-03  -0.6251044E-01
  0.9317000E+00   0.6015000E-01   0.7250000E-02   0.9000000E-03  -0.8822833E+00
  0.9364000E+00   0.5695000E-01   0.5500000E-02   0.1150000E-02  -0.3588236E-01
  0.9316000E+00   0.6200000E-01   0.5900000E-02   0.5000000E-03  -0.2372719E+00
  0.9259000E+00   0.6255000E-01   0.9450000E-02   0.2100000E-02   0.1675191E+01
  0.9347000E+00   0.5805000E-01   0.6300000E-02   0.9500000E-03   0.1574690E+00
  0.9339500E+00   0.5975000E-01   0.5500000E-02   0.8000000E-03   0.3751947E+00
  0.9324500E+00   0.5940000E-01   0.7250000E-02   0.9000000E-03   0.8780496E+00
  0.9361000E+00   0.5650000E-01   0.6400000E-02   0.1000000E-02   0.4873919E+00
  0.9298000E+00   0.6145000E-01   0.7200000E-02   0.1550000E-02   0.9322102E+00
  0.9337500E+00   0.5885000E-01   0.6700000E-02   0.7000000E-03   0.7642180E+00
  0.9337000E+00   0.6095000E-01   0.4800000E-02   0.5500000E-03   0.1121292E-02
  0.9305000E+00   0.6140000E-01   0.7100000E-02   0.1000000E-02   0.1032582E+01
  0.9197000E+00   0.6380000E-01   0.1130000E-01   0.5200000E-02   0.3875287E+01
  0.9118500E+00   0.6295000E-01   0.1390000E-01   0.1130000E-01  -0.7003428E+01
  0.9323000E+00   0.6085000E-01   0.6150000E-02   0.7000000E-03   0.6179864E+00
  0.9376000E+00   0.5530000E-01   0.6450000E-02   0.6500000E-03   0.3959911E+00
  0.9380000E+00   0.5590000E-01   0.5850000E-02   0.2500000E-03  -0.2700543E-01
  0.4845000E+00   0.4475000E-01   0.4235000E-01   0.4284000E+00  -0.2492932E+03
  0.9300000E+00   0.5910000E-01   0.8800000E-02   0.2100000E-02   0.1851801E+01
  0.9332500E+00   0.5995000E-01   0.5900000E-02   0.9000000E-03   0.1366022E+00
  0.9312000E+00   0.6130000E-01   0.6250000E-02   0.1250000E-02   0.4931933E+00
  0.9280000E+00   0.6150000E-01   0.8700000E-02   0.1800000E-02  -0.1480686E+01
  0.9314500E+00   0.6080000E-01   0.6100000E-02   0.1650000E-02  -0.1235314E+01
  0.9338000E+00   0.5930000E-01   0.5600000E-02   0.1300000E-02   0.5478125E+00
  0.9295500E+00   0.6110000E-01   0.7700000E-02   0.1650000E-02  -0.1391235E+01
  0.9340000E+00   0.5930000E-01   0.5950000E-02   0.7500000E-03  -0.1150493E+00
  0.9279000E+00   0.5975000E-01   0.9650000E-02   0.2700000E-02  -0.2432262E+01
  0.9345500E+00   0.5750000E-01   0.6700000E-02   0.1250000E-02   0.5830616E+00
  0.9351500E+00   0.5845000E-01   0.5500000E-02   0.9000000E-03   0.1637822E+00
  0.9223000E+00   0.6180000E-01   0.1140000E-01   0.4500000E-02  -0.3341165E+01
  0.9350500E+00   0.5920000E-01   0.4850000E-02   0.9000000E-03  -0.1774661E+00
  0.9346000E+00   0.5925000E-01   0.5450000E-02   0.7000000E-03  -0.1282423E+00
  0.9337000E+00   0.6010000E-01   0.5300000E-02   0.9000000E-03  -0.7760792E-01
  0.9361000E+00   0.5655000E-01   0.6350000E-02   0.1000000E-02   0.5302419E+00
  0.9383500E+00   0.5575000E-01   0.5400000E-02   0.5000000E-03   0.3680301E+00
  0.9370500E+00   0.5660000E-01   0.5400000E-02   0.9500000E-03   0.2165453E+00
  0.9341000E+00   0.5840000E-01   0.6600000E-02   0.9000000E-03   0.7309373E+00
  0.9334500E+00   0.5915000E-01   0.6700000E-02   0.7000000E-03   0.4621796E+00
  0.9368000E+00   0.5700000E-01   0.5800000E-02   0.4000000E-03  -0.4198944E-01
  0.9321000E+00   0.5855000E-01   0.7450000E-02   0.1900000E-02  -0.1582029E+01
  0.9355000E+00   0.5745000E-01   0.5650000E-02   0.1400000E-02  -0.7987816E+00
  0.9287500E+00   0.6285000E-01   0.7200000E-02   0.1200000E-02  -0.9825518E+00
  0.9362000E+00   0.5695000E-01   0.6250000E-02   0.6000000E-03   0.1103146E+00
  0.9354000E+00   0.5760000E-01   0.5900000E-02   0.1100000E-02  -0.5731295E+00
  0.9331000E+00   0.5970000E-01   0.6550000E-02   0.6500000E-03   0.9219531E-01
  0.9359500E+00   0.5595000E-01   0.7150000E-02   0.9500000E-03  -0.2547839E+00
  0.9240500E+00   0.6350000E-01   0.9450000E-02   0.3000000E-02   0.2461906E+01
  0.9356000E+00   0.5700000E-01   0.6450000E-02   0.9500000E-03  -0.6446588E+00
  0.9217500E+00   0.6370000E-01   0.1080000E-01   0.3750000E-02   0.3093968E+01
  0.9337500E+00   0.5760000E-01   0.7000000E-02   0.1650000E-02   0.1281922E+01
  0.9283000E+00   0.6175000E-01   0.7200000E-02   0.2750000E-02   0.1932496E+01
  0.9352000E+00   0.5785000E-01   0.5950000E-02   0.1000000E-02  -0.3458299E+00
  0.9329500E+00   0.6065000E-01   0.5700000E-02   0.7000000E-03   0.3152518E-01
  0.9061000E+00   0.6490000E-01   0.1655000E-01   0.1245000E-01  -0.7854420E+01
  0.9329000E+00   0.6135000E-01   0.5050000E-02   0.7000000E-03  -0.2903683E+00
  0.9343000E+00   0.5955000E-01   0.5600000E-02   0.5500000E-03  -0.6600419E+00
  0.9326500E+00   0.5930000E-01   0.6700000E-02   0.1350000E-02   0.1448024E+01
  0.9356500E+00   0.5710000E-01   0.6600000E-02   0.6500000E-03   0.1949306E+00
  0.9311000E+00   0.6180000E-01   0.5950000E-02   0.1150000E-02  -0.6820647E+00
  0.9375000E+00   0.5630000E-01   0.5600000E-02   0.6000000E-03   0.3494473E+00
  0.9369500E+00   0.5600000E-01   0.5950000E-02   0.1100000E-02  -0.8110095E-01
  0.9312000E+00   0.6080000E-01   0.6350000E-02   0.1650000E-02  -0.1210727E+01
  0.9307500E+00   0.6270000E-01   0.5700000E-02   0.8500000E-03   0.1431651E+00
  0.9293000E+00   0.6085000E-01   0.7550000E-02   0.2300000E-02   0.2093969E+01
  0.9191500E+00   0.6165000E-01   0.1245000E-01   0.6750000E-02   0.4426932E+01
  0.9187000E+00   0.6240000E-01   0.1185000E-01   0.7050000E-02   0.4597268E+01
  0.9331000E+00   0.5900000E-01   0.6750000E-02   0.1150000E-02   0.1101247E+01
  0.9371500E+00   0.5640000E-01   0.5550000E-02   0.9000000E-03   0.2365160E+00
  0.9347000E+00   0.5890000E-01   0.5600000E-02   0.8000000E-03  -0.3878652E+00
  0.9368500E+00   0.5585000E-01   0.6550000E-02   0.7500000E-03  -0.3824115E+00
  0.9326000E+00   0.5900000E-01   0.6650000E-02   0.1750000E-02  -0.1364500E+01
  0.9328500E+00   0.6135000E-01   0.5250000E-02   0.5500000E-03  -0.3495949E+00
  0.9365000E+00   0.5625000E-01   0.6350000E-02   0.9000000E-03  -0.3946478E+00
  0.9342500E+00   0.5950000E-01   0.5600000E-02   0.6500000E-03   0.3037950E+00
  0.9306000E+00   0.6025000E-01   0.7600000E-02   0.1550000E-02   0.1438738E+01
  0.9252500E+00   0.6275000E-01   0.8450000E-02   0.3550000E-02   0.2578005E+01
  0.9229000E+00   0.6180000E-01   0.1070000E-01   0.4600000E-02  -0.3122008E+01
  0.8594000E+00   0.6770000E-01   0.2420000E-01   0.4870000E-01  -0.2585222E+02
  0.9324000E+00   0.6095000E-01   0.5500000E-02   0.1150000E-02  -0.5235633E+00
  0.9270000E+00   0.6210000E-01   0.8450000E-02   0.2450000E-02  -0.1763427E+01
  0.9332000E+00   0.5895000E-01   0.6950000E-02   0.9000000E-03   0.3460256E+00
  0.9305500E+00   0.6150000E-01   0.6550000E-02   0.1400000E-02   0.9483595E+00
  0.9363500E+00   0.5730000E-01   0.5900000E-02   0.4500000E-03   0.7134956E-01
  0.9345500E+00   0.5870000E-01   0.6200000E-02   0.5500000E-03   0.3044138E-01
  0.9340000E+00   0.5915000E-01   0.6250000E-02   0.6000000E-03   0.1749697E+00
  0.9374000E+00   0.5680000E-01   0.5100000E-02   0.7000000E-03   0.1163975E+00
  0.9321000E+00   0.6175000E-01   0.5300000E-02   0.8500000E-03  -0.9216838E-01
  0.9344500E+00   0.5945000E-01   0.5100000E-02   0.1000000E-02  -0.1540241E+00
  0.9346000E+00   0.5860000E-01   0.5800000E-02   0.1000000E-02  -0.6154028E-01
  0.9343500E+00   0.5895000E-01   0.5700000E-02   0.1000000E-02  -0.4688043E+00
  0.9341000E+00   0.5880000E-01   0.6300000E-02   0.8000000E-03  -0.4932503E-01
  0.9232000E+00   0.6085000E-01   0.1140000E-01   0.4550000E-02  -0.3347461E+01
  0.9345000E+00   0.5840000E-01   0.6300000E-02   0.8000000E-03  -0.2167491E+00
  0.9323000E+00   0.6025000E-01   0.6550000E-02   0.9000000E-03  -0.6394104E+00
  0.9333500E+00   0.6010000E-01   0.5950000E-02   0.6000000E-03   0.1251893E+00
  0.9326000E+00   0.6035000E-01   0.6400000E-02   0.6500000E-03   0.1036363E-01
  0.9331000E+00   0.5995000E-01   0.6450000E-02   0.5000000E-03   0.3791379E+00
  0.9332000E+00   0.6085000E-01   0.5500000E-02   0.4500000E-03  -0.1754498E+00
  0.9347500E+00   0.5835000E-01   0.6400000E-02   0.5000000E-03  -0.2197194E+00
  0.9347500E+00   0.5760000E-01   0.6450000E-02   0.1200000E-02  -0.8586435E+00
  0.8918000E+00   0.6640000E-01   0.1955000E-01   0.2225000E-01  -0.1270972E+02
  0.9268000E+00   0.6090000E-01   0.8850000E-02   0.3450000E-02  -0.2487616E+01
  0.9328000E+00   0.6030000E-01   0.6150000E-02   0.7500000E-03  -0.2849886E+00
  0.9328500E+00   0.5920000E-01   0.7300000E-02   0.6500000E-03  -0.5640890E+00
  0.9306500E+00   0.6120000E-01   0.7050000E-02   0.1100000E-02  -0.1140085E+01
  0.9361500E+00   0.5655000E-01   0.6450000E-02   0.8500000E-03  -0.6726660E+00
  0.9318500E+00   0.6015000E-01   0.6950000E-02   0.1050000E-02  -0.7638383E+00
  0.9318000E+00   0.6095000E-01   0.6450000E-02   0.8000000E-03  -0.7129986E+00
  0.9344500E+00   0.5865000E-01   0.6500000E-02   0.4000000E-03  -0.4495250E+00
  0.9168000E+00   0.6160000E-01   0.1310000E-01   0.8500000E-02   0.5212597E+01
  0.9365000E+00   0.5710000E-01   0.5500000E-02   0.9000000E-03  -0.1051772E+00
  0.9327500E+00   0.5865000E-01   0.6750000E-02   0.1850000E-02   0.1393837E+01
  0.9337000E+00   0.5890000E-01   0.6050000E-02   0.1350000E-02   0.8172254E+00
  0.9345500E+00   0.5810000E-01   0.6250000E-02   0.1100000E-02   0.2587385E+00
  0.9348000E+00   0.5805000E-01   0.6500000E-02   0.6500000E-03   0.4733923E+00
  0.9342500E+00   0.5925000E-01   0.5550000E-02   0.9500000E-03   0.5753176E+00
  0.9349000E+00   0.5820000E-01   0.6300000E-02   0.6000000E-03   0.3933423E+00
  0.9315500E+00   0.6155000E-01   0.5850000E-02   0.1050000E-02   0.6459137E+00
  0.9331000E+00   0.5915000E-01   0.6700000E-02   0.1050000E-02   0.1125193E+01
  0.9323000E+00   0.6080000E-01   0.6300000E-02   0.6000000E-03  -0.3971446E+00
  0.9362500E+00   0.5835000E-01   0.4800000E-02   0.6000000E-03   0.2118459E+00
  0.9320000E+00   0.5865000E-01   0.7900000E-02   0.1450000E-02  -0.1374547E+01
  0.9283000E+00   0.6310000E-01   0.7250000E-02   0.1350000E-02  -0.1364095E+01
  0.9350000E+00   0.5940000E-01   0.5250000E-02   0.3500000E-03   0.2571643E+00
  0.9326000E+00   0.6080000E-01   0.5900000E-02   0.7000000E-03  -0.3578554E-01
  0.9327000E+00   0.6110000E-01   0.5500000E-02   0.7000000E-03  -0.4047344E+00
  0.9320000E+00   0.6020000E-01   0.6750000E-02   0.1050000E-02   0.5640400E+00
  0.9347500E+00   0.5805000E-01   0.6050000E-02   0.1150000E-02   0.6616698E+00
  0.9318000E+00   0.5845000E-01   0.8150000E-02   0.1600000E-02   0.1012773E+01
  0.9331000E+00   0.6010000E-01   0.6050000E-02   0.7500000E-03   0.5201495E+00
  0.9338000E+00   0.5950000E-01   0.5950000E-02   0.7500000E-03   0.2706757E+00
  0.9323500E+00   0.6010000E-01   0.6450000E-02   0.1100000E-02   0.8479740E+00
  0.9349000E+00   0.5905000E-01   0.5350000E-02   0.7000000E-03  -0.5517300E+00
  0.9318000E+00   0.6100000E-01   0.6150000E-02   0.1050000E-02  -0.4439944E+00
  0.9327500E+00   0.6050000E-01   0.5950000E-02   0.8000000E-03  -0.4331471E+00
  0.9331500E+00   0.5970000E-01   0.6300000E-02   0.8500000E-03   0.4444129E+00
  0.9316000E+00   0.6145000E-01   0.6000000E-02   0.9500000E-03   0.4086455E+00
  0.9338500E+00   0.5870000E-01   0.6500000E-02   0.9500000E-03   0.7090079E+00
  0.9337000E+00   0.5950000E-01   0.5850000E-02   0.9500000E-03   0.3600015E+00
  0.9359500E+00   0.5745000E-01   0.5900000E-02   0.7000000E-03  -0.2962352E+00
  0.9347500E+00   0.5825000E-01   0.6400000E-02   0.6000000E-03   0.6080589E+00
  0.9303500E+00   0.6215000E-01   0.6200000E-02   0.1300000E-02  -0.1224070E+01
  0.8679500E+00   0.6825000E-01   0.2740000E-01   0.3640000E-01  -0.1950124E+02
  0.9119000E+00   0.6465000E-01   0.1535000E-01   0.8100000E-02  -0.5689180E+01
  0.8712500E+00   0.6510000E-01   0.2755000E-01   0.3610000E-01  -0.2024776E+02
  0.9332000E+00   0.6030000E-01   0.6000000E-02   0.5000000E-03  -0.5576478E+00
  0.9323000E+00   0.5885000E-01   0.7300000E-02   0.1550000E-02   0.9691796E+00
  0.9311000E+00   0.6120000E-01   0.6850000E-02   0.8500000E-03  -0.3769972E+00
  0.9354000E+00   0.5705000E-01   0.6750000E-02   0.8000000E-03   0.5306488E+00
  0.9346000E+00   0.5760000E-01   0.6500000E-02   0.1300000E-02   0.9936837E+00
  0.9327000E+00   0.6005000E-01   0.6050000E-02   0.1200000E-02   0.6799048E+00
  0.9323000E+00   0.5925000E-01   0.7000000E-02   0.1450000E-02   0.1045189E+01
  0.9345000E+00   0.5915000E-01   0.5550000E-02   0.8000000E-03  -0.2868086E+00
  0.9346000E+00   0.5995000E-01   0.4450000E-02   0.1000000E-02   0.3862579E+00
  0.9344000E+00   0.5925000E-01   0.5200000E-02   0.1150000E-02   0.1361779E+00
  0.9333500E+00   0.5955000E-01   0.5850000E-02   0.1250000E-02  -0.4892446E+00
  0.9287000E+00   0.6125000E-01   0.7950000E-02   0.2100000E-02  -0.1587330E+01
  0.9312000E+00   0.6085000E-01   0.7050000E-02   0.9000000E-03  -0.7225775E-01
  0.9370000E+00   0.5685000E-01   0.5400000E-02   0.7500000E-03  -0.3966431E+00
  0.9289500E+00   0.6075000E-01   0.7600000E-02   0.2700000E-02  -0.1938049E+01
  0.9346000E+00   0.5910000E-01   0.5350000E-02   0.9500000E-03  -0.1494324E+00
  0.9345000E+00   0.5895000E-01   0.6000000E-02   0.5500000E-03   0.2313569E+00
  0.9359500E+00   0.5840000E-01   0.5050000E-02   0.6000000E-03   0.2671730E+00
  0.9328000E+00   0.6015000E-01   0.5950000E-02   0.1100000E-02   0.7313464E+00
  0.9312500E+00   0.6025000E-01   0.7350000E-02   0.1150000E-02   0.1032229E+01
  0.9268000E+00   0.6330000E-01   0.7650000E-02   0.2250000E-02   0.1992396E+01
  0.9210500E+00   0.6615000E-01   0.9450000E-02   0.3350000E-02   0.2714376E+01
  0.9362000E+00   0.5730000E-01   0.5600000E-02   0.9000000E-03   0.3926206E+00
  0.9373000E+00   0.5640000E-01   0.5450000E-02   0.8500000E-03   0.2554699E+00
  0.9325500E+00   0.6100000E-01   0.5450000E-02   0.1000000E-02   0.2116192E+00
  0.9265000E+00   0.6215000E-01   0.9150000E-02   0.2200000E-02   0.2231206E+01
  0.9353000E+00   0.5895000E-01   0.5000000E-02   0.7500000E-03  -0.5881189E+00
  0.9388000E+00   0.5465000E-01   0.5600000E-02   0.9500000E-03   0.1011724E-01
  0.9344000E+00   0.5895000E-01   0.5900000E-02   0.7500000E-03  -0.5959587E+00
  0.9300500E+00   0.6225000E-01   0.6450000E-02   0.1250000E-02  -0.9401809E+00
  0.9337000E+00   0.5830000E-01   0.6600000E-02   0.1400000E-02  -0.6978355E+00
  0.9335000E+00   0.5925000E-01   0.6700000E-02   0.5500000E-03  -0.5520685E+00
  0.9334500E+00   0.5970000E-01   0.5800000E-02   0.1050000E-02  -0.8955685E+00
  0.9331000E+00   0.5950000E-01   0.6250000E-02   0.1150000E-02   0.3347685E+00
  0.9340500E+00   0.6000000E-01   0.5250000E-02   0.7000000E-03  -0.5165550E+00
  0.9368500E+00   0.5680000E-01   0.5600000E-02   0.7500000E-03   0.3313258E+00
  0.9345000E+00   0.5905000E-01   0.5500000E-02   0.9500000E-03   0.5204668E+00
  0.9365000E+00   0.5720000E-01   0.5700000E-02   0.6000000E-03   0.3260891E+00
  0.9327500E+00   0.5975000E-01   0.6400000E-02   0.1100000E-02  -0.8020850E+00
  0.9351500E+00   0.5815000E-01   0.6000000E-02   0.7000000E-03  -0.3543369E+00
  0.9361500E+00   0.5790000E-01   0.5000000E-02   0.9500000E-03   0.5846214E+00
  0.9329500E+00   0.6080000E-01   0.5650000E-02   0.6000000E-03  -0.6741355E-01
  0.9339500E+00   0.5950000E-01   0.5200000E-02   0.1350000E-02   0.4500067E+00
  0.9387000E+00   0.5560000E-01   0.5150000E-02   0.5500000E-03   0.1307174E+00
  0.9352000E+00   0.5855000E-01   0.5150000E-02   0.1100000E-02   0.3812760E+00
  0.9344500E+00   0.5965000E-01   0.4750000E-02   0.1150000E-02   0.3013824E+00
  0.9341000E+00   0.5860000E-01   0.6200000E-02   0.1100000E-02   0.3384244E+00
  0.9356000E+00   0.5835000E-01   0.5150000E-02   0.9000000E-03   0.1982422E+00
  0.9286000E+00   0.6050000E-01   0.8400000E-02   0.2500000E-02  -0.1981187E+01
  0.9321000E+00   0.6100000E-01   0.6300000E-02   0.6000000E-03  -0.1494825E+00
  0.9331500E+00   0.6025000E-01   0.6000000E-02   0.6000000E-03  -0.5604944E+00
  0.9341500E+00   0.5960000E-01   0.5300000E-02   0.9500000E-03   0.5779056E-01
  0.9360500E+00   0.5810000E-01   0.5400000E-02   0.4500000E-03   0.1116002E+00
  0.9363000E+00   0.5695000E-01   0.6000000E-02   0.7500000E-03   0.2883978E+00
  0.9341000E+00   0.5970000E-01   0.5200000E-02   0.1000000E-02  -0.2688828E+00
  0.9318500E+00   0.6050000E-01   0.6500000E-02   0.1150000E-02  -0.7115132E+00
  0.9333000E+00   0.5930000E-01   0.6350000E-02   0.1050000E-02  -0.5612072E+00
  0.9322500E+00   0.6110000E-01   0.6000000E-02   0.6500000E-03   0.2293004E+00
  0.9327000E+00   0.6070000E-01   0.5450000E-02   0.1150000E-02  -0.2899918E+00
  0.9320000E+00   0.6040000E-01   0.6850000E-02   0.7500000E-03  -0.2052454E+00
  0.9347500E+00   0.5865000E-01   0.5950000E-02   0.6500000E-03   0.7482236E-02
  0.9346500E+00   0.5915000E-01   0.5450000E-02   0.7500000E-03  -0.2676407E+00
  0.9388500E+00   0.5515000E-01   0.5350000E-02   0.6500000E-03  -0.3979750E+00
  0.9369000E+00   0.5720000E-01   0.5400000E-02   0.5000000E-03  -0.4156911E+00
  0.9329500E+00   0.6130000E-01   0.5150000E-02   0.6000000E-03  -0.4685244E+00
  0.9339500E+00   0.5960000E-01   0.5600000E-02   0.8500000E-03  -0.4261556E+00
  0.9379500E+00   0.5690000E-01   0.4650000E-02   0.5000000E-03  -0.3245526E-01
  0.9361000E+00   0.5775000E-01   0.5550000E-02   0.6000000E-03   0.2368500E-01
  0.9351500E+00   0.5900000E-01   0.5200000E-02   0.6500000E-03   0.2681742E+00
  0.9337000E+00   0.6110000E-01   0.4650000E-02   0.5500000E-03  -0.2902745E+00
  0.9346500E+00   0.5985000E-01   0.5050000E-02   0.4500000E-03  -0.1145780E+00
  0.9377500E+00   0.5605000E-01   0.5550000E-02   0.6500000E-03   0.1159014E+00
  0.9351000E+00   0.5830000E-01   0.5650000E-02   0.9500000E-03  -0.6750845E+00
  0.9350000E+00   0.5930000E-01   0.4950000E-02   0.7500000E-03  -0.5485824E+00
  0.9340500E+00   0.6005000E-01   0.5450000E-02   0.4500000E-03   0.1833316E+00
  0.9334500E+00   0.6020000E-01   0.5600000E-02   0.7500000E-03  -0.3708879E-01
  0.9378000E+00   0.5610000E-01   0.5550000E-02   0.5500000E-03  -0.1487713E+00
  0.9352000E+00   0.5740000E-01   0.6200000E-02   0.1200000E-02  -0.9474257E+00
  0.9361000E+00   0.5780000E-01   0.5350000E-02   0.7500000E-03   0.4582651E+00
  0.9333000E+00   0.5840000E-01   0.6400000E-02   0.1900000E-02   0.1162973E+01
  0.9282000E+00   0.6190000E-01   0.7300000E-02   0.2600000E-02   0.1747561E+01
  0.9303500E+00   0.6075000E-01   0.7750000E-02   0.1150000E-02   0.1152523E+01
  0.9367000E+00   0.5790000E-01   0.4850000E-02   0.5500000E-03   0.2484571E+00
  0.9343500E+00   0.5915000E-01   0.5700000E-02   0.8000000E-03   0.1933572E-01
  0.9356500E+00   0.5830000E-01   0.5400000E-02   0.6500000E-03  -0.9222714E-01
  0.9348500E+00   0.5880000E-01   0.5500000E-02   0.8500000E-03   0.1262657E+00
  0.9315500E+00   0.6240000E-01   0.5050000E-02   0.1000000E-02   0.5198891E+00
  0.9348500E+00   0.5905000E-01   0.5500000E-02   0.6000000E-03   0.3471954E+00
  0.9343000E+00   0.5865000E-01   0.6050000E-02   0.1000000E-02   0.3375993E+00
  0.9363500E+00   0.5740000E-01   0.5500000E-02   0.7500000E-03   0.3100821E+00
  0.9330000E+00   0.5980000E-01   0.6200000E-02   0.1000000E-02  -0.6031557E+00
  0.9309000E+00   0.6050000E-01   0.7350000E-02   0.1250000E-02  -0.1159385E+01
  0.9289000E+00   0.6285000E-01   0.6800000E-02   0.1450000E-02   0.9997733E+00
  0.9314500E+00   0.5900000E-01   0.8150000E-02   0.1400000E-02   0.1451202E+01
  0.9302500E+00   0.5845000E-01   0.8900000E-02   0.2400000E-02   0.1823841E+01
  0.9286000E+00   0.6030000E-01   0.8800000E-02   0.2300000E-02   0.1986745E+01
  0.9278500E+00   0.6095000E-01   0.8500000E-02   0.2700000E-02   0.1926871E+01
  0.9273000E+00   0.6400000E-01   0.7200000E-02   0.1500000E-02   0.1319366E+01
  0.9324000E+00   0.6015000E-01   0.5900000E-02   0.1550000E-02   0.1015577E+01
  0.9332000E+00   0.5835000E-01   0.6650000E-02   0.1800000E-02   0.1059263E+01
  0.9321000E+00   0.6045000E-01   0.6100000E-02   0.1350000E-02   0.7394103E+00
  0.9340000E+00   0.6000000E-01   0.5250000E-02   0.7500000E-03   0.5328342E+00
  0.9271000E+00   0.6140000E-01   0.9000000E-02   0.2500000E-02   0.2004183E+01
  0.9353000E+00   0.5720000E-01   0.6550000E-02   0.9500000E-03  -0.4143324E+00
  0.9329500E+00   0.5820000E-01   0.7550000E-02   0.1300000E-02   0.1023247E+01
  0.9280500E+00   0.6245000E-01   0.7650000E-02   0.1850000E-02   0.1407480E+01
  0.9287000E+00   0.6190000E-01   0.7600000E-02   0.1800000E-02   0.1760408E+01
  0.9340000E+00   0.5830000E-01   0.6850000E-02   0.8500000E-03   0.7274135E+00
  0.9322500E+00   0.6025000E-01   0.6500000E-02   0.1000000E-02   0.7418526E+00
  0.9353000E+00   0.5845000E-01   0.5350000E-02   0.9000000E-03   0.4355715E+00
  0.9351500E+00   0.5820000E-01   0.5650000E-02   0.1000000E-02  -0.4591631E+00
  0.9321000E+00   0.6115000E-01   0.5800000E-02   0.9500000E-03   0.5546850E+00
  0.9346500E+00   0.5830000E-01   0.6100000E-02   0.9500000E-03   0.9893340E+00
  0.9304000E+00   0.6170000E-01   0.6700000E-02   0.1200000E-02   0.9630770E+00
  0.9361000E+00   0.5835000E-01   0.4800000E-02   0.7500000E-03   0.1399741E+00
  0.9342500E+00   0.5790000E-01   0.6800000E-02   0.1050000E-02   0.8534190E+00
  0.9351500E+00   0.5760000E-01   0.6300000E-02   0.9500000E-03   0.8486343E+00
  0.9341000E+00   0.5985000E-01   0.5400000E-02   0.6500000E-03  -0.4644096E+00
  0.9370000E+00   0.5625000E-01   0.5900000E-02   0.8500000E-03  -0.2026511E+00
