           PIP1            PIP2            PIP3            PIP4           alpha
  0.9495000E+00   0.4455000E-01   0.5150000E-02   0.8000000E-03  -0.1216151E+00
  0.9441500E+00   0.4705000E-01   0.7400000E-02   0.1400000E-02   0.9758509E+00
  0.9408000E+00   0.4770000E-01   0.8850000E-02   0.2650000E-02   0.1776028E+01
  0.9489000E+00   0.4550000E-01   0.4750000E-02   0.8500000E-03   0.2136123E-02
  0.9468000E+00   0.4600000E-01   0.6750000E-02   0.4500000E-03   0.1425577E+00
  0.9466000E+00   0.4735000E-01   0.5600000E-02   0.4500000E-03   0.3498816E+00
  0.9488000E+00   0.4495000E-01   0.5300000E-02   0.9500000E-03  -0.2382929E+00
  0.9450000E+00   0.4730000E-01   0.6700000E-02   0.1000000E-02  -0.5445134E+00
  0.9474500E+00   0.4660000E-01   0.5400000E-02   0.5500000E-03  -0.1539811E+00
  0.9439000E+00   0.4945000E-01   0.5700000E-02   0.9500000E-03   0.7015006E+00
  0.9454500E+00   0.4755000E-01   0.6400000E-02   0.6000000E-03   0.4622518E+00
  0.9454000E+00   0.4640000E-01   0.6650000E-02   0.1550000E-02   0.1019436E+01
  0.9431000E+00   0.4650000E-01   0.8250000E-02   0.2150000E-02  -0.1900918E+01
  0.9445000E+00   0.4780000E-01   0.6250000E-02   0.1450000E-02  -0.9511349E+00
  0.9418500E+00   0.4990000E-01   0.6050000E-02   0.2200000E-02  -0.1259331E+01
  0.9478000E+00   0.4565000E-01   0.5900000E-02   0.6500000E-03   0.1979022E-01
  0.9459500E+00   0.4780000E-01   0.5800000E-02   0.4500000E-03  -0.2404007E-01
  0.9472500E+00   0.4630000E-01   0.5650000E-02   0.8000000E-03  -0.3178904E+00
  0.9461000E+00   0.4690000E-01   0.6250000E-02   0.7500000E-03  -0.2028015E+00
  0.9449500E+00   0.4635000E-01   0.7700000E-02   0.1000000E-02  -0.5398778E+00
  0.9442500E+00   0.4800000E-01   0.6900000E-02   0.8500000E-03  -0.4917316E+00
  0.9427000E+00   0.4560000E-01   0.8700000E-02   0.3000000E-02  -0.1845780E+01
  0.9449500E+00   0.4735000E-01   0.6800000E-02   0.9000000E-03  -0.8995944E+00
  0.9474000E+00   0.4625000E-01   0.5500000E-02   0.8500000E-03   0.2780283E-01
  0.9441000E+00   0.4800000E-01   0.7150000E-02   0.7500000E-03  -0.1881239E+00
  0.9433000E+00   0.4885000E-01   0.6800000E-02   0.1050000E-02  -0.8445095E+00
  0.9447000E+00   0.4705000E-01   0.7150000E-02   0.1100000E-02  -0.4693994E+00
  0.9474500E+00   0.4715000E-01   0.4600000E-02   0.8000000E-03  -0.2523521E+00
  0.9411000E+00   0.4865000E-01   0.7700000E-02   0.2550000E-02   0.1770519E+01
  0.9403000E+00   0.5015000E-01   0.7950000E-02   0.1600000E-02   0.1334636E+01
  0.9381000E+00   0.5050000E-01   0.9200000E-02   0.2200000E-02   0.1828073E+01
  0.9459500E+00   0.4755000E-01   0.5750000E-02   0.7500000E-03   0.1099469E+00
  0.9464500E+00   0.4655000E-01   0.6200000E-02   0.8000000E-03   0.1507115E+00
  0.9479000E+00   0.4575000E-01   0.5500000E-02   0.8500000E-03   0.4643540E-03
  0.9443000E+00   0.4915000E-01   0.5650000E-02   0.9000000E-03  -0.1355688E+00
  0.9470000E+00   0.4655000E-01   0.5650000E-02   0.8000000E-03  -0.4435646E+00
  0.9446500E+00   0.4720000E-01   0.7050000E-02   0.1100000E-02  -0.7259764E+00
  0.9449000E+00   0.4860000E-01   0.5700000E-02   0.8000000E-03   0.2128235E+00
  0.9493000E+00   0.4460000E-01   0.5450000E-02   0.6500000E-03  -0.1148287E+00
  0.9435000E+00   0.4870000E-01   0.6900000E-02   0.9000000E-03  -0.2885839E+00
  0.9444000E+00   0.4740000E-01   0.6700000E-02   0.1500000E-02   0.2596385E+00
  0.9410500E+00   0.4775000E-01   0.9550000E-02   0.1650000E-02  -0.1249764E+01
  0.9453000E+00   0.4820000E-01   0.5850000E-02   0.6500000E-03  -0.1779076E-01
  0.9473500E+00   0.4625000E-01   0.5300000E-02   0.1100000E-02  -0.2989096E+00
  0.9455500E+00   0.4820000E-01   0.5300000E-02   0.9500000E-03   0.1232634E+00
  0.9473500E+00   0.4575000E-01   0.5550000E-02   0.1350000E-02  -0.5384270E+00
  0.9434500E+00   0.4960000E-01   0.5900000E-02   0.1050000E-02  -0.4505912E+00
  0.9445000E+00   0.4840000E-01   0.6250000E-02   0.8500000E-03  -0.4860388E+00
  0.9462000E+00   0.4720000E-01   0.5900000E-02   0.7000000E-03  -0.3450617E+00
  0.9475500E+00   0.4510000E-01   0.6300000E-02   0.1050000E-02  -0.3811103E+00
  0.9485000E+00   0.4510000E-01   0.5250000E-02   0.1150000E-02  -0.3458627E+00
  0.9485000E+00   0.4485000E-01   0.5750000E-02   0.9000000E-03  -0.4112200E+00
  0.9466500E+00   0.4750000E-01   0.5400000E-02   0.4500000E-03  -0.2618083E+00
  0.9482000E+00   0.4480000E-01   0.6100000E-02   0.9000000E-03  -0.2818370E+00
  0.9444500E+00   0.4705000E-01   0.7550000E-02   0.9500000E-03  -0.3239534E+00
  0.9470000E+00   0.4705000E-01   0.5350000E-02   0.6000000E-03  -0.2265619E+00
  0.9479000E+00   0.4660000E-01   0.4850000E-02   0.6500000E-03   0.9541470E-01
  0.9452500E+00   0.4640000E-01   0.7100000E-02   0.1250000E-02  -0.3927947E+00
  0.9423000E+00   0.4850000E-01   0.8200000E-02   0.1000000E-02  -0.7590515E+00
  0.9447500E+00   0.4855000E-01   0.5750000E-02   0.9500000E-03   0.1822066E+00
  0.9446000E+00   0.4730000E-01   0.7000000E-02   0.1100000E-02  -0.3044655E+00
  0.9493000E+00   0.4455000E-01   0.5700000E-02   0.4500000E-03   0.1826341E+00
  0.9441000E+00   0.4865000E-01   0.6600000E-02   0.6500000E-03  -0.1461548E+00
  0.9468000E+00   0.4625000E-01   0.6250000E-02   0.7000000E-03   0.4966424E+00
  0.9443500E+00   0.4780000E-01   0.6500000E-02   0.1350000E-02   0.6770492E+00
  0.9479500E+00   0.4520000E-01   0.5800000E-02   0.1050000E-02   0.5956989E+00
  0.9380500E+00   0.4975000E-01   0.8850000E-02   0.3350000E-02   0.1890534E+01
  0.9417000E+00   0.4895000E-01   0.7400000E-02   0.1950000E-02   0.1244130E+01
  0.9386000E+00   0.5110000E-01   0.8150000E-02   0.2150000E-02   0.1575745E+01
  0.9420000E+00   0.4885000E-01   0.7550000E-02   0.1600000E-02   0.1201766E+01
  0.9434500E+00   0.4840000E-01   0.7250000E-02   0.9000000E-03   0.4164435E+00
  0.9398000E+00   0.5125000E-01   0.6800000E-02   0.2150000E-02   0.9494062E+00
  0.9320500E+00   0.5000000E-01   0.1170000E-01   0.6250000E-02   0.3725355E+01
  0.9468500E+00   0.4590000E-01   0.6600000E-02   0.6500000E-03  -0.5573998E+00
  0.9425000E+00   0.4735000E-01   0.7650000E-02   0.2500000E-02  -0.1668258E+01
  0.9474000E+00   0.4660000E-01   0.5350000E-02   0.6500000E-03   0.9267466E-01
  0.9471500E+00   0.4575000E-01   0.6050000E-02   0.1050000E-02  -0.1251173E+00
  0.9433000E+00   0.4880000E-01   0.5900000E-02   0.2000000E-02  -0.9195403E+00
  0.9437500E+00   0.4675000E-01   0.7000000E-02   0.2500000E-02  -0.1705367E+01
  0.9473000E+00   0.4615000E-01   0.5450000E-02   0.1100000E-02   0.3915624E+00
  0.9422500E+00   0.4955000E-01   0.7000000E-02   0.1200000E-02  -0.8888940E+00
  0.9469500E+00   0.4670000E-01   0.5450000E-02   0.9000000E-03   0.1266228E+00
  0.9476500E+00   0.4515000E-01   0.6100000E-02   0.1100000E-02  -0.4078321E+00
  0.9489500E+00   0.4525000E-01   0.5300000E-02   0.5000000E-03  -0.3336594E+00
  0.9434500E+00   0.5040000E-01   0.5500000E-02   0.6500000E-03  -0.1492504E+00
  0.9454500E+00   0.4760000E-01   0.6200000E-02   0.7500000E-03  -0.5559251E+00
  0.9446500E+00   0.4795000E-01   0.6450000E-02   0.9500000E-03   0.3591473E+00
  0.9381500E+00   0.5115000E-01   0.8250000E-02   0.2450000E-02  -0.1735758E+01
  0.9369000E+00   0.5260000E-01   0.8250000E-02   0.2250000E-02  -0.1673722E+01
  0.9428000E+00   0.4810000E-01   0.7200000E-02   0.1900000E-02   0.1236731E+01
  0.9433000E+00   0.4795000E-01   0.7350000E-02   0.1400000E-02  -0.1178418E+01
  0.9436500E+00   0.4970000E-01   0.5850000E-02   0.8000000E-03  -0.1846518E+00
  0.9471500E+00   0.4545000E-01   0.6550000E-02   0.8500000E-03  -0.2984140E+00
  0.9469000E+00   0.4505000E-01   0.7000000E-02   0.1050000E-02   0.4400975E+00
  0.9480500E+00   0.4505000E-01   0.6150000E-02   0.7500000E-03   0.1614047E+00
  0.9349500E+00   0.5155000E-01   0.9650000E-02   0.3850000E-02   0.2535246E+01
  0.9415500E+00   0.4910000E-01   0.8100000E-02   0.1250000E-02   0.1421643E+01
  0.9468500E+00   0.4690000E-01   0.5400000E-02   0.8500000E-03   0.1669160E+00
  0.9331500E+00   0.5300000E-01   0.9650000E-02   0.4200000E-02   0.2622116E+01
  0.9416500E+00   0.5080000E-01   0.6650000E-02   0.9000000E-03  -0.5367126E+00
  0.9357000E+00   0.5110000E-01   0.9900000E-02   0.3300000E-02  -0.2304172E+01
  0.9472500E+00   0.4580000E-01   0.6000000E-02   0.9500000E-03   0.3052350E+00
  0.9446500E+00   0.4810000E-01   0.6550000E-02   0.7000000E-03  -0.4407622E+00
  0.9446000E+00   0.4780000E-01   0.6200000E-02   0.1400000E-02  -0.7448444E+00
  0.9444500E+00   0.4815000E-01   0.6450000E-02   0.9500000E-03   0.6327283E-01
  0.9449000E+00   0.4835000E-01   0.5800000E-02   0.9500000E-03  -0.5835415E+00
  0.9451500E+00   0.4525000E-01   0.7900000E-02   0.1700000E-02  -0.1143259E+01
  0.9440000E+00   0.4730000E-01   0.7900000E-02   0.8000000E-03  -0.7621230E+00
  0.9432000E+00   0.5000000E-01   0.5550000E-02   0.1250000E-02   0.7543896E+00
  0.9482500E+00   0.4505000E-01   0.5850000E-02   0.8500000E-03  -0.2093038E+00
  0.9463000E+00   0.4650000E-01   0.6250000E-02   0.9500000E-03   0.2736544E+00
  0.9443000E+00   0.4875000E-01   0.6050000E-02   0.9000000E-03  -0.2751681E+00
  0.9470000E+00   0.4625000E-01   0.6100000E-02   0.6500000E-03  -0.3328642E-01
  0.9455500E+00   0.4820000E-01   0.5100000E-02   0.1150000E-02   0.4654412E+00
  0.9402500E+00   0.5095000E-01   0.7500000E-02   0.1300000E-02  -0.8958912E+00
  0.9417500E+00   0.5095000E-01   0.5600000E-02   0.1700000E-02  -0.1011365E+01
  0.9428000E+00   0.4865000E-01   0.6950000E-02   0.1600000E-02  -0.1059438E+01
  0.9444500E+00   0.4945000E-01   0.4600000E-02   0.1500000E-02  -0.4612420E+00
  0.9420000E+00   0.4975000E-01   0.6900000E-02   0.1350000E-02   0.7652339E+00
  0.9452000E+00   0.4750000E-01   0.6600000E-02   0.7000000E-03  -0.7419370E-01
  0.9454000E+00   0.4730000E-01   0.6700000E-02   0.6000000E-03   0.3881655E+00
  0.9391000E+00   0.5055000E-01   0.8500000E-02   0.1850000E-02   0.1557176E+01
  0.9487500E+00   0.4515000E-01   0.5350000E-02   0.7500000E-03  -0.3910721E+00
  0.9238500E+00   0.5110000E-01   0.1445000E-01   0.1060000E-01   0.6174076E+01
  0.9438500E+00   0.4890000E-01   0.6200000E-02   0.1050000E-02   0.4836698E+00
  0.9111000E+00   0.5365000E-01   0.1860000E-01   0.1665000E-01   0.9265363E+01
  0.9457000E+00   0.4695000E-01   0.5850000E-02   0.1500000E-02   0.6534838E+00
  0.9421000E+00   0.4955000E-01   0.7350000E-02   0.1000000E-02   0.8135022E+00
  0.9367500E+00   0.5155000E-01   0.8300000E-02   0.3400000E-02   0.2128620E+01
  0.9356000E+00   0.4905000E-01   0.1050000E-01   0.4850000E-02   0.3236418E+01
  0.9349500E+00   0.4825000E-01   0.1190000E-01   0.4900000E-02   0.3033763E+01
  0.9443000E+00   0.4815000E-01   0.6850000E-02   0.7000000E-03   0.3955811E+00
  0.9461000E+00   0.4745000E-01   0.5400000E-02   0.1050000E-02  -0.3107410E+00
  0.9456000E+00   0.4655000E-01   0.6650000E-02   0.1200000E-02  -0.5903895E+00
  0.9472500E+00   0.4640000E-01   0.5550000E-02   0.8000000E-03   0.4616370E-01
  0.9444500E+00   0.4875000E-01   0.6200000E-02   0.6000000E-03   0.3655755E+00
  0.6990000E+00   0.4915000E-01   0.3580000E-01   0.2160500E+00  -0.1205230E+03
  0.9413500E+00   0.5000000E-01   0.7200000E-02   0.1450000E-02   0.1042783E+01
  0.9430000E+00   0.4920000E-01   0.6450000E-02   0.1350000E-02   0.1070620E+01
  0.9430000E+00   0.4805000E-01   0.7950000E-02   0.1000000E-02   0.8435279E+00
  0.9413500E+00   0.4850000E-01   0.8150000E-02   0.2000000E-02   0.1158326E+01
  0.9468000E+00   0.4540000E-01   0.6400000E-02   0.1400000E-02   0.9187430E+00
  0.9455000E+00   0.4750000E-01   0.6000000E-02   0.1000000E-02   0.7984856E-01
  0.9452000E+00   0.4870000E-01   0.5500000E-02   0.6000000E-03   0.1966348E+00
  0.9480500E+00   0.4615000E-01   0.4900000E-02   0.9000000E-03  -0.1375146E+00
  0.9509500E+00   0.4295000E-01   0.5550000E-02   0.5500000E-03   0.1473862E+00
  0.9493000E+00   0.4460000E-01   0.5100000E-02   0.1000000E-02  -0.4588194E+00
  0.9317000E+00   0.5170000E-01   0.1195000E-01   0.4650000E-02   0.3249386E+01
  0.9377000E+00   0.5075000E-01   0.8250000E-02   0.3300000E-02   0.2406578E+01
  0.9449500E+00   0.4940000E-01   0.5100000E-02   0.5500000E-03  -0.9840541E-01
  0.9327500E+00   0.5155000E-01   0.1065000E-01   0.5050000E-02   0.3070743E+01
  0.9444500E+00   0.4800000E-01   0.6500000E-02   0.1050000E-02   0.8636978E+00
  0.9456000E+00   0.4640000E-01   0.6700000E-02   0.1300000E-02   0.1002530E+01
  0.9447500E+00   0.4575000E-01   0.7450000E-02   0.2050000E-02   0.1310932E+01
  0.9481000E+00   0.4575000E-01   0.5550000E-02   0.6000000E-03   0.4094541E+00
  0.9474000E+00   0.4685000E-01   0.5200000E-02   0.5500000E-03   0.3741908E+00
  0.9466000E+00   0.4695000E-01   0.5550000E-02   0.9000000E-03   0.1179050E-01
  0.9456000E+00   0.4785000E-01   0.5950000E-02   0.6000000E-03  -0.5712795E+00
  0.9454500E+00   0.4780000E-01   0.5750000E-02   0.1000000E-02   0.3435261E-01
  0.9474000E+00   0.4495000E-01   0.6350000E-02   0.1300000E-02  -0.6735464E+00
  0.9421000E+00   0.5155000E-01   0.5550000E-02   0.8000000E-03  -0.3690642E+00
  0.9474500E+00   0.4620000E-01   0.5350000E-02   0.1000000E-02   0.7909863E-01
  0.9468500E+00   0.4730000E-01   0.5200000E-02   0.6500000E-03  -0.3259440E-01
  0.9460500E+00   0.4675000E-01   0.6550000E-02   0.6500000E-03   0.1947601E+00
  0.9438500E+00   0.4880000E-01   0.6400000E-02   0.9500000E-03   0.1103938E-01
  0.9492000E+00   0.4460000E-01   0.4950000E-02   0.1250000E-02  -0.8193214E-01
  0.9463500E+00   0.4705000E-01   0.5550000E-02   0.1050000E-02  -0.1237702E+00
  0.9394000E+00   0.4900000E-01   0.9500000E-02   0.2100000E-02  -0.1785657E+01
  0.9437000E+00   0.4800000E-01   0.7300000E-02   0.1000000E-02   0.8102899E+00
  0.9376000E+00   0.5000000E-01   0.9800000E-02   0.2600000E-02  -0.2214969E+01
  0.9433000E+00   0.4845000E-01   0.6450000E-02   0.1800000E-02  -0.1204444E+01
  0.9391500E+00   0.4905000E-01   0.9550000E-02   0.2250000E-02   0.1899526E+01
  0.9449500E+00   0.4790000E-01   0.6150000E-02   0.1000000E-02   0.5144152E+00
  0.9446500E+00   0.4700000E-01   0.7050000E-02   0.1300000E-02   0.7887622E+00
  0.9387000E+00   0.4885000E-01   0.9950000E-02   0.2500000E-02   0.1981638E+01
  0.9425500E+00   0.4940000E-01   0.7050000E-02   0.1000000E-02   0.6777940E+00
  0.9422000E+00   0.4815000E-01   0.7400000E-02   0.2250000E-02  -0.1580908E+01
  0.9434500E+00   0.4815000E-01   0.6550000E-02   0.1850000E-02  -0.9677370E+00
  0.9423000E+00   0.4910000E-01   0.7200000E-02   0.1400000E-02  -0.8554004E+00
  0.9486000E+00   0.4510000E-01   0.5150000E-02   0.1150000E-02   0.2943176E+00
  0.9486000E+00   0.4475000E-01   0.5600000E-02   0.1050000E-02   0.2315046E+00
  0.9440500E+00   0.4735000E-01   0.7400000E-02   0.1200000E-02  -0.1100667E+01
  0.9465500E+00   0.4615000E-01   0.6300000E-02   0.1000000E-02  -0.2292289E+00
  0.9472000E+00   0.4665000E-01   0.5200000E-02   0.9500000E-03  -0.3259606E+00
  0.9467500E+00   0.4630000E-01   0.5850000E-02   0.1100000E-02   0.6278177E+00
  0.9436000E+00   0.4930000E-01   0.6450000E-02   0.6500000E-03  -0.5286514E+00
  0.9453000E+00   0.4825000E-01   0.5750000E-02   0.7000000E-03  -0.1269551E+00
  0.9447000E+00   0.4765000E-01   0.6150000E-02   0.1500000E-02   0.8371552E-01
  0.9464500E+00   0.4650000E-01   0.6400000E-02   0.6500000E-03   0.1931481E+00
  0.9453500E+00   0.4860000E-01   0.5400000E-02   0.6500000E-03   0.4275750E+00
  0.9455000E+00   0.4825000E-01   0.5600000E-02   0.6500000E-03  -0.1227595E+00
  0.9479000E+00   0.4515000E-01   0.6300000E-02   0.6500000E-03   0.4952899E+00
  0.9471000E+00   0.4540000E-01   0.6650000E-02   0.8500000E-03  -0.1724418E+00
  0.9442500E+00   0.4760000E-01   0.7300000E-02   0.8500000E-03  -0.3552736E+00
  0.9490000E+00   0.4435000E-01   0.5550000E-02   0.1100000E-02  -0.4771398E+00
  0.9416500E+00   0.4915000E-01   0.7550000E-02   0.1650000E-02  -0.1354208E+01
  0.9452500E+00   0.4820000E-01   0.5450000E-02   0.1100000E-02  -0.2021504E+00
  0.9462500E+00   0.4660000E-01   0.6200000E-02   0.9500000E-03  -0.5730273E+00
  0.9456500E+00   0.4735000E-01   0.5650000E-02   0.1350000E-02  -0.3719705E+00
  0.9443500E+00   0.4825000E-01   0.6600000E-02   0.8000000E-03  -0.4202061E+00
  0.9449500E+00   0.4665000E-01   0.7200000E-02   0.1200000E-02  -0.9982806E+00
  0.9455000E+00   0.4630000E-01   0.6900000E-02   0.1300000E-02   0.7176999E+00
  0.9444500E+00   0.4710000E-01   0.7200000E-02   0.1250000E-02   0.5384876E+00
  0.9458000E+00   0.4665000E-01   0.6800000E-02   0.7500000E-03   0.5799163E+00
  0.9469000E+00   0.4700000E-01   0.5500000E-02   0.6000000E-03   0.1805969E-01
  0.9454500E+00   0.4770000E-01   0.6250000E-02   0.6000000E-03  -0.6817942E-01
  0.9164500E+00   0.5250000E-01   0.1730000E-01   0.1375000E-01  -0.7816414E+01
  0.9452000E+00   0.4830000E-01   0.5500000E-02   0.1000000E-02   0.3561285E+00
  0.9479000E+00   0.4570000E-01   0.5500000E-02   0.9000000E-03  -0.6866482E+00
  0.9446000E+00   0.4870000E-01   0.5750000E-02   0.9500000E-03   0.1381112E+00
  0.9483000E+00   0.4445000E-01   0.6250000E-02   0.1000000E-02  -0.4671972E+00
  0.9474500E+00   0.4660000E-01   0.5350000E-02   0.6000000E-03  -0.2389546E+00
  0.9430000E+00   0.5000000E-01   0.5650000E-02   0.1350000E-02   0.5561890E+00
  0.9459500E+00   0.4720000E-01   0.6150000E-02   0.7000000E-03   0.1845949E+00
  0.9467500E+00   0.4585000E-01   0.6350000E-02   0.1050000E-02  -0.8728905E+00
  0.9447000E+00   0.4855000E-01   0.5900000E-02   0.8500000E-03   0.1161479E+00
  0.9483000E+00   0.4535000E-01   0.5400000E-02   0.9500000E-03   0.3569884E-01
  0.9483500E+00   0.4465000E-01   0.6000000E-02   0.1000000E-02  -0.2176576E+00
  0.9465000E+00   0.4745000E-01   0.5350000E-02   0.7000000E-03  -0.1646490E+00
  0.9499000E+00   0.4430000E-01   0.5200000E-02   0.6000000E-03   0.1254273E+00
  0.9458000E+00   0.4695000E-01   0.6200000E-02   0.1050000E-02   0.6046934E+00
  0.9495500E+00   0.4480000E-01   0.4850000E-02   0.8000000E-03   0.3725572E+00
  0.9468500E+00   0.4640000E-01   0.5600000E-02   0.1150000E-02   0.5077622E+00
  0.9441500E+00   0.4655000E-01   0.8050000E-02   0.1250000E-02   0.9521230E+00
  0.9435000E+00   0.4620000E-01   0.8550000E-02   0.1750000E-02  -0.1487340E+01
  0.9433000E+00   0.4670000E-01   0.8650000E-02   0.1350000E-02  -0.1189166E+01
  0.9442500E+00   0.4535000E-01   0.8400000E-02   0.2000000E-02   0.1244506E+01
  0.9470500E+00   0.4585000E-01   0.6650000E-02   0.4500000E-03  -0.1665238E+00
  0.9471000E+00   0.4585000E-01   0.6300000E-02   0.7500000E-03  -0.3203374E+00
  0.9443000E+00   0.4805000E-01   0.6500000E-02   0.1150000E-02   0.2239807E+00
  0.9443000E+00   0.4885000E-01   0.6000000E-02   0.8500000E-03  -0.4118924E+00
  0.9477500E+00   0.4575000E-01   0.5500000E-02   0.1000000E-02   0.6462600E+00
  0.9422000E+00   0.4880000E-01   0.7600000E-02   0.1400000E-02   0.1336378E+01
  0.9448500E+00   0.4785000E-01   0.5850000E-02   0.1450000E-02  -0.8575891E+00
  0.9475000E+00   0.4585000E-01   0.5900000E-02   0.7500000E-03  -0.9880769E-01
  0.9424000E+00   0.4880000E-01   0.7800000E-02   0.1000000E-02  -0.8657191E+00
  0.9478000E+00   0.4595000E-01   0.5650000E-02   0.6000000E-03  -0.1180558E+00
  0.9453500E+00   0.4755000E-01   0.6100000E-02   0.1000000E-02  -0.1505806E+00
  0.9405000E+00   0.4945000E-01   0.8150000E-02   0.1900000E-02   0.1449567E+01
  0.9485000E+00   0.4380000E-01   0.6850000E-02   0.8500000E-03   0.2400293E+00
  0.9453500E+00   0.4665000E-01   0.7450000E-02   0.5500000E-03   0.3394818E+00
  0.9458000E+00   0.4530000E-01   0.7550000E-02   0.1350000E-02   0.9404186E+00
  0.9455500E+00   0.4695000E-01   0.6750000E-02   0.7500000E-03   0.4652995E+00
  0.9432000E+00   0.4845000E-01   0.7050000E-02   0.1300000E-02   0.8853491E+00
  0.9456500E+00   0.4625000E-01   0.7250000E-02   0.8500000E-03   0.6330720E+00
  0.9450000E+00   0.4940000E-01   0.4850000E-02   0.7500000E-03   0.3458428E-01
  0.9442500E+00   0.4800000E-01   0.6650000E-02   0.1100000E-02   0.8436161E+00
  0.9277500E+00   0.5345000E-01   0.1300000E-01   0.5800000E-02   0.3762739E+01
  0.9247000E+00   0.4990000E-01   0.1385000E-01   0.1155000E-01  -0.7140864E+01
  0.9458500E+00   0.4710000E-01   0.6050000E-02   0.1000000E-02   0.5539780E+00
  0.9462500E+00   0.4715000E-01   0.6000000E-02   0.6000000E-03   0.5144142E+00
  0.9464500E+00   0.4750000E-01   0.5650000E-02   0.4000000E-03  -0.1925115E+00
  0.4715500E+00   0.3650000E-01   0.4035000E-01   0.4516000E+00  -0.2602268E+03
  0.9425500E+00   0.4620000E-01   0.9250000E-02   0.2000000E-02   0.1748215E+01
  0.9469000E+00   0.4560000E-01   0.6500000E-02   0.1000000E-02   0.5749232E-01
  0.9465500E+00   0.4735000E-01   0.5200000E-02   0.9000000E-03   0.4345251E+00
  0.9394000E+00   0.5045000E-01   0.8000000E-02   0.2150000E-02  -0.1368587E+01
  0.9437500E+00   0.4695000E-01   0.7900000E-02   0.1400000E-02  -0.1112190E+01
  0.9472500E+00   0.4580000E-01   0.6050000E-02   0.9000000E-03   0.4208939E+00
  0.9438500E+00   0.4805000E-01   0.6350000E-02   0.1750000E-02  -0.9847343E+00
  0.9465500E+00   0.4605000E-01   0.6750000E-02   0.6500000E-03  -0.1511959E+00
  0.9392500E+00   0.4825000E-01   0.9750000E-02   0.2750000E-02  -0.2033029E+01
  0.9444000E+00   0.4895000E-01   0.5800000E-02   0.8500000E-03   0.3249780E+00
  0.9462000E+00   0.4675000E-01   0.6500000E-02   0.5500000E-03   0.1951147E+00
  0.9372500E+00   0.4665000E-01   0.1160000E-01   0.4500000E-02  -0.3250888E+01
  0.9459000E+00   0.4815000E-01   0.5300000E-02   0.6500000E-03  -0.2788153E+00
  0.9461000E+00   0.4720000E-01   0.6100000E-02   0.6000000E-03  -0.1528432E+00
  0.9458000E+00   0.4745000E-01   0.5950000E-02   0.8000000E-03  -0.5184004E-01
  0.9459500E+00   0.4715000E-01   0.5750000E-02   0.1150000E-02   0.2453123E+00
  0.9472500E+00   0.4710000E-01   0.5100000E-02   0.5500000E-03   0.1597291E+00
  0.9465500E+00   0.4700000E-01   0.5900000E-02   0.5500000E-03   0.2548608E+00
  0.9448000E+00   0.4700000E-01   0.7000000E-02   0.1200000E-02   0.4533575E+00
  0.9456500E+00   0.4685000E-01   0.6250000E-02   0.1250000E-02   0.4551936E+00
  0.9430500E+00   0.5030000E-01   0.5650000E-02   0.1000000E-02   0.1396690E+00
  0.9404000E+00   0.4930000E-01   0.8400000E-02   0.1900000E-02  -0.1578088E+01
  0.9453500E+00   0.4845000E-01   0.5300000E-02   0.9000000E-03  -0.6373583E+00
  0.9447500E+00   0.4725000E-01   0.6900000E-02   0.1100000E-02  -0.8665434E+00
  0.9487000E+00   0.4475000E-01   0.5650000E-02   0.9000000E-03   0.1302735E+00
  0.9450000E+00   0.4835000E-01   0.5400000E-02   0.1250000E-02  -0.5647697E+00
  0.9468000E+00   0.4680000E-01   0.5800000E-02   0.6000000E-03  -0.4955782E-01
  0.9489500E+00   0.4395000E-01   0.6250000E-02   0.8500000E-03  -0.1086440E+00
  0.9356000E+00   0.5160000E-01   0.1005000E-01   0.2750000E-02   0.2326367E+01
  0.9446500E+00   0.4820000E-01   0.6400000E-02   0.7500000E-03  -0.5991821E+00
  0.9306500E+00   0.5290000E-01   0.1160000E-01   0.4850000E-02   0.3228290E+01
  0.9445500E+00   0.4610000E-01   0.7150000E-02   0.2200000E-02   0.1228437E+01
  0.9374500E+00   0.5035000E-01   0.8900000E-02   0.3300000E-02   0.2113675E+01
  0.9450000E+00   0.4860000E-01   0.5700000E-02   0.7000000E-03  -0.2873578E+00
  0.9458000E+00   0.4800000E-01   0.5350000E-02   0.8500000E-03  -0.9973759E-03
  0.9160000E+00   0.5200000E-01   0.1660000E-01   0.1540000E-01  -0.8570785E+01
  0.9466500E+00   0.4715000E-01   0.5400000E-02   0.8000000E-03  -0.1337398E+00
  0.9464000E+00   0.4560000E-01   0.6500000E-02   0.1500000E-02  -0.8601029E+00
  0.9437000E+00   0.4820000E-01   0.6800000E-02   0.1300000E-02   0.9612964E+00
  0.9466000E+00   0.4635000E-01   0.6250000E-02   0.8000000E-03   0.1667341E+00
  0.9420000E+00   0.4915000E-01   0.7850000E-02   0.1000000E-02  -0.6724279E+00
  0.9466000E+00   0.4600000E-01   0.6700000E-02   0.7000000E-03   0.7206474E-01
  0.9468000E+00   0.4630000E-01   0.6050000E-02   0.8500000E-03  -0.1565094E+00
  0.9427500E+00   0.4775000E-01   0.7650000E-02   0.1850000E-02  -0.1184846E+01
  0.9473500E+00   0.4545000E-01   0.6350000E-02   0.8500000E-03   0.2698382E-01
  0.9348500E+00   0.5240000E-01   0.1020000E-01   0.2550000E-02   0.2281508E+01
  0.9279000E+00   0.5115000E-01   0.1415000E-01   0.6800000E-02   0.4459622E+01
  0.9305000E+00   0.5015000E-01   0.1335000E-01   0.6000000E-02   0.4248519E+01
  0.9449000E+00   0.4575000E-01   0.7850000E-02   0.1500000E-02   0.1089929E+01
  0.9456500E+00   0.4785000E-01   0.5550000E-02   0.9500000E-03   0.2874464E+00
  0.9456000E+00   0.4710000E-01   0.6550000E-02   0.7500000E-03  -0.3709275E+00
  0.9488000E+00   0.4485000E-01   0.5600000E-02   0.7500000E-03  -0.4032956E+00
  0.9408500E+00   0.4870000E-01   0.8200000E-02   0.2250000E-02  -0.1542354E+01
  0.9470500E+00   0.4665000E-01   0.5600000E-02   0.7000000E-03  -0.2095624E+00
  0.9467500E+00   0.4560000E-01   0.6750000E-02   0.9000000E-03  -0.4722894E+00
  0.9465000E+00   0.4590000E-01   0.6750000E-02   0.8500000E-03   0.4874232E+00
  0.9434000E+00   0.4640000E-01   0.8700000E-02   0.1500000E-02   0.1230355E+01
  0.9406000E+00   0.4825000E-01   0.8350000E-02   0.2800000E-02   0.1968415E+01
  0.9312500E+00   0.5385000E-01   0.1090000E-01   0.4000000E-02  -0.2914722E+01
  0.8702500E+00   0.5505000E-01   0.2590000E-01   0.4880000E-01  -0.2610850E+02
  0.9499500E+00   0.4305000E-01   0.6200000E-02   0.8000000E-03  -0.5778322E+00
  0.9410000E+00   0.4820000E-01   0.8500000E-02   0.2300000E-02  -0.1546250E+01
  0.9435500E+00   0.4975000E-01   0.5800000E-02   0.9000000E-03   0.1978401E+00
  0.9438500E+00   0.4750000E-01   0.7300000E-02   0.1350000E-02   0.8495343E+00
  0.9470000E+00   0.4600000E-01   0.5950000E-02   0.1050000E-02   0.1889156E+00
  0.9447500E+00   0.4870000E-01   0.5750000E-02   0.8000000E-03   0.7143355E-01
  0.9430500E+00   0.5035000E-01   0.5700000E-02   0.9000000E-03   0.2085743E+00
  0.9491000E+00   0.4380000E-01   0.6200000E-02   0.9000000E-03  -0.5267828E-01
  0.9451500E+00   0.4720000E-01   0.6300000E-02   0.1350000E-02   0.2156272E-01
  0.9473000E+00   0.4470000E-01   0.7100000E-02   0.9000000E-03  -0.4107527E+00
  0.9499000E+00   0.4360000E-01   0.5700000E-02   0.8000000E-03  -0.2195967E-01
  0.9436500E+00   0.4910000E-01   0.6300000E-02   0.9500000E-03  -0.3448586E+00
  0.9456000E+00   0.4710000E-01   0.6250000E-02   0.1050000E-02  -0.9142118E-01
  0.9339500E+00   0.4895000E-01   0.1185000E-01   0.5250000E-02  -0.3660111E+01
  0.9450500E+00   0.4745000E-01   0.6650000E-02   0.8500000E-03  -0.7719072E-01
  0.9479000E+00   0.4515000E-01   0.5800000E-02   0.1150000E-02  -0.4472735E+00
  0.9458500E+00   0.4815000E-01   0.5600000E-02   0.4000000E-03   0.2790623E-01
  0.9472500E+00   0.4690000E-01   0.5200000E-02   0.6500000E-03   0.1203229E+00
  0.9454500E+00   0.4735000E-01   0.6250000E-02   0.9500000E-03   0.2657569E+00
  0.9446000E+00   0.4945000E-01   0.5600000E-02   0.3500000E-03  -0.4726736E-01
  0.9474500E+00   0.4585000E-01   0.5750000E-02   0.9500000E-03  -0.1822845E+00
  0.9450500E+00   0.4695000E-01   0.7050000E-02   0.9500000E-03  -0.8088622E+00
  0.9055000E+00   0.5315000E-01   0.1885000E-01   0.2250000E-01  -0.1233894E+02
  0.9396500E+00   0.4810000E-01   0.8650000E-02   0.3600000E-02  -0.2503891E+01
  0.9468500E+00   0.4815000E-01   0.4100000E-02   0.9000000E-03  -0.2242383E+00
  0.9417500E+00   0.5000000E-01   0.7500000E-02   0.7500000E-03  -0.5117314E+00
  0.9445000E+00   0.4690000E-01   0.7050000E-02   0.1550000E-02  -0.1073858E+01
  0.9448000E+00   0.4605000E-01   0.7600000E-02   0.1550000E-02  -0.8545656E+00
  0.9463000E+00   0.4635000E-01   0.6050000E-02   0.1300000E-02  -0.7663626E+00
  0.9438000E+00   0.4725000E-01   0.7350000E-02   0.1600000E-02  -0.7871292E+00
  0.9464000E+00   0.4635000E-01   0.6350000E-02   0.9000000E-03  -0.2071042E+00
  0.9216000E+00   0.5345000E-01   0.1530000E-01   0.9650000E-02   0.6021535E+01
  0.9448000E+00   0.4830000E-01   0.6200000E-02   0.7000000E-03  -0.4870032E-02
  0.9416500E+00   0.4955000E-01   0.7700000E-02   0.1100000E-02   0.1094968E+01
  0.9466500E+00   0.4545000E-01   0.6950000E-02   0.9500000E-03   0.6487540E+00
  0.9488000E+00   0.4505000E-01   0.5150000E-02   0.1000000E-02   0.2638346E+00
  0.9500000E+00   0.4390000E-01   0.5300000E-02   0.8000000E-03   0.3285860E+00
  0.9453500E+00   0.4790000E-01   0.5650000E-02   0.1100000E-02   0.5539096E+00
  0.9473500E+00   0.4665000E-01   0.5400000E-02   0.6000000E-03   0.4294606E+00
  0.9420000E+00   0.5065000E-01   0.6500000E-02   0.8500000E-03   0.7786609E+00
  0.9455500E+00   0.4605000E-01   0.6750000E-02   0.1650000E-02   0.9702175E+00
  0.9475500E+00   0.4635000E-01   0.5250000E-02   0.8500000E-03  -0.3445203E+00
  0.9455500E+00   0.4765000E-01   0.5800000E-02   0.1000000E-02   0.1270322E+00
  0.9433500E+00   0.4675000E-01   0.8050000E-02   0.1850000E-02  -0.1191594E+01
  0.9429000E+00   0.4795000E-01   0.7250000E-02   0.1900000E-02  -0.1439129E+01
  0.9480000E+00   0.4525000E-01   0.6050000E-02   0.7000000E-03   0.2251701E+00
  0.9477000E+00   0.4575000E-01   0.5900000E-02   0.6500000E-03  -0.9988277E-01
  0.9454000E+00   0.4775000E-01   0.6150000E-02   0.7000000E-03  -0.2466470E+00
  0.9490500E+00   0.4435000E-01   0.5800000E-02   0.8000000E-03   0.3871680E+00
  0.9484000E+00   0.4475000E-01   0.5950000E-02   0.9000000E-03   0.5914765E+00
  0.9454500E+00   0.4610000E-01   0.7650000E-02   0.8000000E-03   0.8161967E+00
  0.9468500E+00   0.4560000E-01   0.6350000E-02   0.1200000E-02   0.7062733E+00
  0.9460500E+00   0.4790000E-01   0.5150000E-02   0.9000000E-03   0.2754959E+00
  0.9468000E+00   0.4620000E-01   0.5950000E-02   0.1050000E-02   0.5456761E+00
  0.9471000E+00   0.4655000E-01   0.5650000E-02   0.7000000E-03  -0.5483742E+00
  0.9462500E+00   0.4635000E-01   0.6350000E-02   0.1050000E-02  -0.2570630E+00
  0.9463000E+00   0.4575000E-01   0.6500000E-02   0.1450000E-02  -0.4044126E+00
  0.9453000E+00   0.4850000E-01   0.5400000E-02   0.8000000E-03   0.3600799E+00
  0.9444000E+00   0.4810000E-01   0.6100000E-02   0.1400000E-02   0.5270705E+00
  0.9426000E+00   0.4965000E-01   0.6950000E-02   0.8000000E-03   0.6459197E+00
  0.9476500E+00   0.4580000E-01   0.5600000E-02   0.9500000E-03   0.3639490E+00
  0.9469000E+00   0.4655000E-01   0.5800000E-02   0.7500000E-03  -0.1877725E+00
  0.9470500E+00   0.4625000E-01   0.5700000E-02   0.1000000E-02   0.5170334E+00
  0.9411000E+00   0.4985000E-01   0.7650000E-02   0.1400000E-02  -0.1137431E+01
  0.8829000E+00   0.5440000E-01   0.2655000E-01   0.3615000E-01  -0.1886336E+02
  0.9232000E+00   0.5380000E-01   0.1530000E-01   0.7700000E-02  -0.5335580E+01
  0.8774000E+00   0.5420000E-01   0.2980000E-01   0.3860000E-01  -0.2089353E+02
  0.9426000E+00   0.5015000E-01   0.6300000E-02   0.9500000E-03  -0.7970953E+00
  0.9442000E+00   0.4815000E-01   0.6200000E-02   0.1450000E-02   0.8366114E+00
  0.9483500E+00   0.4465000E-01   0.6050000E-02   0.9500000E-03  -0.3636988E+00
  0.9453500E+00   0.4645000E-01   0.7250000E-02   0.9500000E-03   0.4525509E+00
  0.9431500E+00   0.4780000E-01   0.7400000E-02   0.1650000E-02   0.7728354E+00
  0.9397000E+00   0.5200000E-01   0.6900000E-02   0.1400000E-02   0.8216439E+00
  0.9446500E+00   0.4660000E-01   0.7200000E-02   0.1550000E-02   0.9851136E+00
  0.9455500E+00   0.4740000E-01   0.6350000E-02   0.7000000E-03  -0.1807042E+00
  0.9454000E+00   0.4800000E-01   0.5750000E-02   0.8500000E-03   0.2706563E+00
  0.9506500E+00   0.4335000E-01   0.5150000E-02   0.8500000E-03   0.7145446E-01
  0.9460000E+00   0.4650000E-01   0.6600000E-02   0.9000000E-03  -0.3676968E+00
  0.9395500E+00   0.4940000E-01   0.8600000E-02   0.2450000E-02  -0.1586874E+01
  0.9473500E+00   0.4570000E-01   0.6250000E-02   0.7000000E-03  -0.1669974E+00
  0.9465000E+00   0.4620000E-01   0.5850000E-02   0.1450000E-02  -0.3554283E+00
  0.9413000E+00   0.4680000E-01   0.8950000E-02   0.2950000E-02  -0.1858062E+01
  0.9484000E+00   0.4525000E-01   0.5650000E-02   0.7000000E-03  -0.1478957E+00
  0.9468000E+00   0.4740000E-01   0.5050000E-02   0.7500000E-03   0.2209228E+00
  0.9494000E+00   0.4400000E-01   0.5950000E-02   0.6500000E-03   0.2593672E+00
  0.9453500E+00   0.4680000E-01   0.6850000E-02   0.1000000E-02   0.5674679E+00
  0.9454500E+00   0.4655000E-01   0.6600000E-02   0.1400000E-02   0.9662134E+00
  0.9399500E+00   0.4775000E-01   0.9750000E-02   0.2550000E-02   0.1936303E+01
  0.9367000E+00   0.5065000E-01   0.9700000E-02   0.2950000E-02   0.2324650E+01
  0.9461000E+00   0.4715000E-01   0.6050000E-02   0.7000000E-03   0.4153312E+00
  0.9460500E+00   0.4710000E-01   0.6000000E-02   0.8500000E-03   0.1971277E+00
  0.9479000E+00   0.4440000E-01   0.6700000E-02   0.1000000E-02   0.5155540E-02
  0.9414000E+00   0.4770000E-01   0.8300000E-02   0.2600000E-02   0.1838934E+01
  0.9440000E+00   0.4840000E-01   0.6450000E-02   0.1150000E-02  -0.5856829E+00
  0.9446500E+00   0.4855000E-01   0.6000000E-02   0.8000000E-03  -0.1397262E+00
  0.9459000E+00   0.4675000E-01   0.6250000E-02   0.1100000E-02  -0.6588656E+00
  0.9459000E+00   0.4645000E-01   0.6150000E-02   0.1500000E-02  -0.8630493E+00
  0.9487000E+00   0.4460000E-01   0.5750000E-02   0.9500000E-03  -0.6474422E+00
  0.9422000E+00   0.5155000E-01   0.5300000E-02   0.9500000E-03  -0.5218886E+00
  0.9447000E+00   0.4630000E-01   0.7500000E-02   0.1500000E-02  -0.9878032E+00
  0.9478500E+00   0.4495000E-01   0.6100000E-02   0.1100000E-02   0.2985719E+00
  0.9470500E+00   0.4615000E-01   0.5600000E-02   0.1200000E-02  -0.5953189E+00
  0.9461000E+00   0.4750000E-01   0.5800000E-02   0.6000000E-03   0.3415103E+00
  0.9469500E+00   0.4675000E-01   0.5400000E-02   0.9000000E-03   0.4767336E+00
  0.9442000E+00   0.4875000E-01   0.6200000E-02   0.8500000E-03   0.1928754E+00
  0.9431500E+00   0.4790000E-01   0.7200000E-02   0.1750000E-02  -0.7719086E+00
  0.9480500E+00   0.4550000E-01   0.5550000E-02   0.9000000E-03  -0.2228613E+00
  0.9463000E+00   0.4655000E-01   0.6000000E-02   0.1150000E-02   0.4654556E+00
  0.9466500E+00   0.4655000E-01   0.6300000E-02   0.5000000E-03  -0.1097043E+00
  0.9445000E+00   0.4840000E-01   0.5850000E-02   0.1250000E-02   0.5230305E+00
  0.9465500E+00   0.4715000E-01   0.5600000E-02   0.7000000E-03   0.1529629E+00
  0.9462500E+00   0.4620000E-01   0.6450000E-02   0.1100000E-02   0.3952184E+00
  0.9465500E+00   0.4640000E-01   0.5950000E-02   0.1100000E-02   0.3815134E+00
  0.9480500E+00   0.4545000E-01   0.6000000E-02   0.5000000E-03   0.1435361E+00
  0.9459500E+00   0.4575000E-01   0.7100000E-02   0.1200000E-02   0.3729099E+00
  0.9375000E+00   0.5085000E-01   0.9350000E-02   0.2300000E-02  -0.1866383E+01
  0.9443000E+00   0.4930000E-01   0.5550000E-02   0.8500000E-03  -0.1937745E+00
  0.9441000E+00   0.4815000E-01   0.6800000E-02   0.9500000E-03  -0.6284932E+00
  0.9477000E+00   0.4675000E-01   0.4800000E-02   0.7500000E-03   0.5537585E-01
  0.9467500E+00   0.4735000E-01   0.5050000E-02   0.8500000E-03   0.1251117E+00
  0.9462000E+00   0.4705000E-01   0.5950000E-02   0.8000000E-03   0.2012594E+00
  0.9464000E+00   0.4690000E-01   0.5700000E-02   0.1000000E-02  -0.2780695E+00
  0.9488500E+00   0.4310000E-01   0.7150000E-02   0.9000000E-03  -0.4861828E+00
  0.9439500E+00   0.4805000E-01   0.6750000E-02   0.1250000E-02  -0.3716549E+00
  0.9453000E+00   0.4925000E-01   0.4900000E-02   0.5500000E-03   0.2262680E+00
  0.9451500E+00   0.4800000E-01   0.5900000E-02   0.9500000E-03  -0.3975467E+00
  0.9458500E+00   0.4745000E-01   0.5550000E-02   0.1150000E-02   0.4299851E-01
  0.9460500E+00   0.4700000E-01   0.6300000E-02   0.6500000E-03   0.2637020E-01
  0.9454000E+00   0.4775000E-01   0.6250000E-02   0.6000000E-03  -0.2366217E+00
  0.9477000E+00   0.4605000E-01   0.5600000E-02   0.6500000E-03  -0.3455468E+00
  0.9476000E+00   0.4585000E-01   0.5700000E-02   0.8500000E-03  -0.4342775E+00
  0.9441500E+00   0.4970000E-01   0.5550000E-02   0.6000000E-03  -0.3755596E+00
  0.9449000E+00   0.4905000E-01   0.5350000E-02   0.7000000E-03  -0.3089361E+00
  0.9471000E+00   0.4695000E-01   0.4950000E-02   0.1000000E-02  -0.1581081E+00
  0.9463000E+00   0.4725000E-01   0.5600000E-02   0.8500000E-03  -0.1971539E-01
  0.9482000E+00   0.4510000E-01   0.5600000E-02   0.1100000E-02   0.2649616E+00
  0.9474500E+00   0.4625000E-01   0.5650000E-02   0.6500000E-03  -0.2087455E+00
  0.9475000E+00   0.4670000E-01   0.5100000E-02   0.7000000E-03  -0.7576289E-01
  0.9493000E+00   0.4560000E-01   0.4600000E-02   0.5000000E-03   0.2819134E+00
  0.9452000E+00   0.4815000E-01   0.6050000E-02   0.6000000E-03  -0.5053864E+00
  0.9456000E+00   0.4725000E-01   0.6550000E-02   0.6000000E-03  -0.5764677E+00
  0.9481000E+00   0.4595000E-01   0.5450000E-02   0.5000000E-03   0.2782647E+00
  0.9448000E+00   0.4730000E-01   0.7000000E-02   0.9000000E-03  -0.1406407E+00
  0.9454500E+00   0.4830000E-01   0.5450000E-02   0.8000000E-03  -0.1390467E+00
  0.9453500E+00   0.4625000E-01   0.7200000E-02   0.1200000E-02  -0.1023756E+01
  0.9430000E+00   0.4860000E-01   0.7400000E-02   0.1000000E-02   0.5124769E+00
  0.9433000E+00   0.4770000E-01   0.7550000E-02   0.1450000E-02   0.1085410E+01
  0.9404500E+00   0.5000000E-01   0.7450000E-02   0.2100000E-02   0.1416238E+01
  0.9426500E+00   0.4870000E-01   0.6850000E-02   0.1800000E-02   0.1123263E+01
  0.9494500E+00   0.4540000E-01   0.4650000E-02   0.5000000E-03   0.4325255E-01
  0.9474500E+00   0.4640000E-01   0.5650000E-02   0.5000000E-03   0.6986580E-01
  0.9458000E+00   0.4775000E-01   0.5800000E-02   0.6500000E-03   0.4608936E-01
  0.9506500E+00   0.4330000E-01   0.5050000E-02   0.1000000E-02   0.1822540E+00
  0.9445000E+00   0.4865000E-01   0.5900000E-02   0.9500000E-03   0.3135063E+00
  0.9442000E+00   0.4820000E-01   0.6750000E-02   0.8500000E-03   0.3553349E+00
  0.9481500E+00   0.4530000E-01   0.5850000E-02   0.7000000E-03   0.4684102E+00
  0.9467500E+00   0.4630000E-01   0.5900000E-02   0.1050000E-02   0.3332634E+00
  0.9433500E+00   0.4930000E-01   0.6450000E-02   0.9000000E-03  -0.5122345E+00
  0.9412000E+00   0.4970000E-01   0.7400000E-02   0.1700000E-02  -0.1043912E+01
  0.9441500E+00   0.4760000E-01   0.6950000E-02   0.1300000E-02   0.1002733E+01
  0.9413000E+00   0.4870000E-01   0.8300000E-02   0.1700000E-02   0.1302978E+01
  0.9409500E+00   0.4920000E-01   0.8250000E-02   0.1600000E-02   0.1486026E+01
  0.9406000E+00   0.4685000E-01   0.9700000E-02   0.2850000E-02   0.2001210E+01
  0.9414000E+00   0.4825000E-01   0.7800000E-02   0.2550000E-02   0.1799337E+01
  0.9401500E+00   0.5025000E-01   0.7900000E-02   0.1700000E-02   0.1120102E+01
  0.9414500E+00   0.4905000E-01   0.7850000E-02   0.1650000E-02   0.9610757E+00
  0.9415500E+00   0.4990000E-01   0.6700000E-02   0.1850000E-02   0.1213697E+01
  0.9444000E+00   0.4875000E-01   0.5850000E-02   0.1000000E-02   0.6212326E+00
  0.9441500E+00   0.4810000E-01   0.6150000E-02   0.1600000E-02   0.6468737E+00
  0.9361500E+00   0.5180000E-01   0.8900000E-02   0.3150000E-02   0.1941175E+01
  0.9459000E+00   0.4710000E-01   0.5900000E-02   0.1100000E-02  -0.4449875E+00
  0.9448000E+00   0.4730000E-01   0.6550000E-02   0.1350000E-02   0.9523323E+00
  0.9425500E+00   0.4750000E-01   0.8100000E-02   0.1850000E-02   0.1291551E+01
  0.9426500E+00   0.4675000E-01   0.7950000E-02   0.2650000E-02   0.1621790E+01
  0.9447000E+00   0.4665000E-01   0.7100000E-02   0.1550000E-02   0.6555739E+00
  0.9445000E+00   0.4780000E-01   0.6700000E-02   0.1000000E-02   0.8146186E+00
  0.9428500E+00   0.5090000E-01   0.5650000E-02   0.6000000E-03   0.4575719E+00
  0.9464500E+00   0.4615000E-01   0.6350000E-02   0.1050000E-02  -0.2722476E+00
  0.9441500E+00   0.4820000E-01   0.6650000E-02   0.1000000E-02   0.4601749E+00
  0.9450500E+00   0.4655000E-01   0.7350000E-02   0.1050000E-02   0.7586567E+00
  0.9430500E+00   0.4875000E-01   0.6750000E-02   0.1450000E-02   0.6929309E+00
  0.9471500E+00   0.4565000E-01   0.6150000E-02   0.1050000E-02   0.2064894E+00
  0.9455500E+00   0.4605000E-01   0.7250000E-02   0.1150000E-02   0.1079511E+01
  0.9460500E+00   0.4595000E-01   0.6800000E-02   0.1200000E-02   0.7382949E+00
  0.9454000E+00   0.4700000E-01   0.6750000E-02   0.8500000E-03  -0.4293373E+00
  0.9459000E+00   0.4605000E-01   0.7100000E-02   0.9500000E-03  -0.1723408E+00
