           PIP1            PIP2            PIP3            PIP4           alpha
  0.9430500E+00   0.5035000E-01   0.5950000E-02   0.6500000E-03  -0.3523507E+00
  0.9408500E+00   0.5140000E-01   0.6350000E-02   0.1400000E-02   0.1078432E+01
  0.9328000E+00   0.5550000E-01   0.8600000E-02   0.3100000E-02   0.2059599E+01
  0.9434000E+00   0.4960000E-01   0.6250000E-02   0.7500000E-03   0.1296982E-01
  0.9399500E+00   0.5375000E-01   0.5400000E-02   0.9000000E-03   0.2375658E+00
  0.9457500E+00   0.4795000E-01   0.5400000E-02   0.9000000E-03   0.4073164E+00
  0.9434000E+00   0.5000000E-01   0.5950000E-02   0.6500000E-03  -0.2258284E+00
  0.9403000E+00   0.5225000E-01   0.6350000E-02   0.1100000E-02  -0.6052681E+00
  0.9452000E+00   0.4915000E-01   0.5250000E-02   0.4000000E-03  -0.1628484E+00
  0.9383500E+00   0.5385000E-01   0.6400000E-02   0.1400000E-02   0.7363926E+00
  0.9439500E+00   0.4975000E-01   0.5800000E-02   0.5000000E-03   0.3389150E+00
  0.9372000E+00   0.5395000E-01   0.7700000E-02   0.1150000E-02   0.1107857E+01
  0.9366000E+00   0.5275000E-01   0.7650000E-02   0.3000000E-02  -0.1890943E+01
  0.9389000E+00   0.5215000E-01   0.7750000E-02   0.1200000E-02  -0.9344653E+00
  0.9372500E+00   0.5285000E-01   0.7850000E-02   0.2050000E-02  -0.1456369E+01
  0.9434500E+00   0.5040000E-01   0.5700000E-02   0.4500000E-03  -0.4371184E-02
  0.9392000E+00   0.5415000E-01   0.5600000E-02   0.1050000E-02   0.7234523E-01
  0.9421500E+00   0.5060000E-01   0.6450000E-02   0.8000000E-03  -0.3254852E+00
  0.9412000E+00   0.5200000E-01   0.5800000E-02   0.1000000E-02  -0.1391679E+00
  0.9421000E+00   0.5145000E-01   0.5500000E-02   0.9500000E-03  -0.5103091E+00
  0.9420500E+00   0.4975000E-01   0.7000000E-02   0.1200000E-02  -0.3046234E+00
  0.9355000E+00   0.5380000E-01   0.8750000E-02   0.1950000E-02  -0.1712714E+01
  0.9413500E+00   0.5005000E-01   0.7250000E-02   0.1350000E-02  -0.9312615E+00
  0.9417500E+00   0.5170000E-01   0.5750000E-02   0.8000000E-03   0.1629505E-01
  0.9462000E+00   0.4760000E-01   0.5400000E-02   0.8000000E-03  -0.2032382E+00
  0.9375000E+00   0.5400000E-01   0.7350000E-02   0.1150000E-02  -0.1153040E+01
  0.9428500E+00   0.5065000E-01   0.5800000E-02   0.7000000E-03  -0.3797738E+00
  0.9425000E+00   0.5160000E-01   0.5200000E-02   0.7000000E-03  -0.3188751E+00
  0.9332000E+00   0.5505000E-01   0.9450000E-02   0.2300000E-02   0.1772849E+01
  0.9368500E+00   0.5175000E-01   0.9300000E-02   0.2100000E-02   0.1600938E+01
  0.9321000E+00   0.5610000E-01   0.9550000E-02   0.2250000E-02   0.2073323E+01
  0.9434000E+00   0.5045000E-01   0.5400000E-02   0.7500000E-03   0.4884026E-01
  0.9421000E+00   0.5010000E-01   0.6850000E-02   0.9500000E-03   0.2309435E+00
  0.9386500E+00   0.5420000E-01   0.6150000E-02   0.1000000E-02  -0.8368593E-02
  0.9385000E+00   0.5550000E-01   0.5600000E-02   0.4000000E-03  -0.2583776E-02
  0.9409000E+00   0.5200000E-01   0.6300000E-02   0.8000000E-03  -0.3979741E+00
  0.9382500E+00   0.5380000E-01   0.6750000E-02   0.1200000E-02  -0.7620234E+00
  0.9412500E+00   0.5175000E-01   0.6050000E-02   0.9500000E-03   0.2143464E+00
  0.9406000E+00   0.5180000E-01   0.6950000E-02   0.6500000E-03  -0.1700617E+00
  0.9422500E+00   0.5065000E-01   0.6150000E-02   0.9500000E-03  -0.2720639E+00
  0.9415000E+00   0.5110000E-01   0.6850000E-02   0.5500000E-03   0.1716375E+00
  0.9392500E+00   0.5260000E-01   0.7000000E-02   0.1150000E-02  -0.1186839E+01
  0.9424000E+00   0.5115000E-01   0.5500000E-02   0.9500000E-03  -0.2306679E+00
  0.9385500E+00   0.5380000E-01   0.6750000E-02   0.9000000E-03  -0.2111619E+00
  0.9408000E+00   0.5295000E-01   0.5500000E-02   0.7500000E-03   0.1625223E+00
  0.9418500E+00   0.5110000E-01   0.6250000E-02   0.8000000E-03  -0.5051143E+00
  0.9410000E+00   0.5165000E-01   0.6350000E-02   0.1000000E-02  -0.5022010E+00
  0.9412000E+00   0.5115000E-01   0.6550000E-02   0.1100000E-02  -0.5393655E+00
  0.9405000E+00   0.5140000E-01   0.7100000E-02   0.1000000E-02  -0.3649214E+00
  0.9403500E+00   0.5300000E-01   0.5800000E-02   0.8500000E-03  -0.2520573E+00
  0.9396000E+00   0.5315000E-01   0.5950000E-02   0.1300000E-02  -0.4685481E+00
  0.9412000E+00   0.5285000E-01   0.5350000E-02   0.6000000E-03  -0.4258347E+00
  0.9422000E+00   0.5070000E-01   0.6250000E-02   0.8500000E-03  -0.2559914E+00
  0.9443500E+00   0.4925000E-01   0.5700000E-02   0.7000000E-03  -0.2287451E+00
  0.9445000E+00   0.4890000E-01   0.5800000E-02   0.8000000E-03  -0.2620141E+00
  0.9396000E+00   0.5395000E-01   0.5700000E-02   0.7500000E-03  -0.2195143E+00
  0.9404000E+00   0.5205000E-01   0.6700000E-02   0.8500000E-03   0.3379258E-01
  0.9386000E+00   0.5465000E-01   0.5850000E-02   0.9000000E-03  -0.3720405E+00
  0.9375500E+00   0.5295000E-01   0.8100000E-02   0.1400000E-02  -0.9579681E+00
  0.9404500E+00   0.5220000E-01   0.6450000E-02   0.9000000E-03   0.2501698E+00
  0.9424500E+00   0.5115000E-01   0.5900000E-02   0.5000000E-03  -0.3171009E+00
  0.9438000E+00   0.5030000E-01   0.5300000E-02   0.6000000E-03   0.2302556E+00
  0.9430000E+00   0.5025000E-01   0.6350000E-02   0.4000000E-03  -0.1364170E+00
  0.9421000E+00   0.5015000E-01   0.6850000E-02   0.9000000E-03   0.5526959E+00
  0.9406500E+00   0.5160000E-01   0.6600000E-02   0.1150000E-02   0.8089114E+00
  0.9404500E+00   0.5225000E-01   0.6500000E-02   0.8000000E-03   0.5287747E+00
  0.9365000E+00   0.5355000E-01   0.7750000E-02   0.2200000E-02   0.1652188E+01
  0.9384500E+00   0.5195000E-01   0.7500000E-02   0.2100000E-02   0.1372390E+01
  0.9327000E+00   0.5665000E-01   0.8150000E-02   0.2500000E-02   0.1639478E+01
  0.9384500E+00   0.5250000E-01   0.6850000E-02   0.2200000E-02   0.1319092E+01
  0.9408000E+00   0.5025000E-01   0.7900000E-02   0.1050000E-02   0.6692108E+00
  0.9388000E+00   0.5345000E-01   0.6450000E-02   0.1300000E-02   0.9011759E+00
  0.9263000E+00   0.5480000E-01   0.1250000E-01   0.6400000E-02   0.4072349E+01
  0.9373000E+00   0.5475000E-01   0.6650000E-02   0.1300000E-02  -0.5009610E+00
  0.9357000E+00   0.5335000E-01   0.8950000E-02   0.2000000E-02  -0.1677197E+01
  0.9429500E+00   0.4945000E-01   0.6700000E-02   0.9000000E-03   0.2122569E-01
  0.9415000E+00   0.5120000E-01   0.6200000E-02   0.1100000E-02  -0.1076110E+00
  0.9404000E+00   0.5150000E-01   0.7000000E-02   0.1100000E-02  -0.7789052E+00
  0.9355500E+00   0.5440000E-01   0.8650000E-02   0.1400000E-02  -0.1404776E+01
  0.9406500E+00   0.5160000E-01   0.7100000E-02   0.6500000E-03   0.3640689E+00
  0.9419500E+00   0.5070000E-01   0.5950000E-02   0.1400000E-02  -0.8103611E+00
  0.9396500E+00   0.5235000E-01   0.7150000E-02   0.8500000E-03   0.1134028E+00
  0.9440000E+00   0.4860000E-01   0.6800000E-02   0.6000000E-03  -0.4040179E+00
  0.9423500E+00   0.5155000E-01   0.4900000E-02   0.1200000E-02  -0.2898856E+00
  0.9415500E+00   0.5160000E-01   0.6400000E-02   0.4500000E-03  -0.1473457E+00
  0.9406500E+00   0.5145000E-01   0.7300000E-02   0.6000000E-03  -0.4192192E+00
  0.9414500E+00   0.5155000E-01   0.6400000E-02   0.6000000E-03   0.3065754E+00
  0.9351000E+00   0.5345000E-01   0.8750000E-02   0.2700000E-02  -0.1801282E+01
  0.9347000E+00   0.5485000E-01   0.8350000E-02   0.2100000E-02  -0.1557295E+01
  0.9368500E+00   0.5380000E-01   0.7600000E-02   0.1750000E-02   0.1249317E+01
  0.9363500E+00   0.5445000E-01   0.7950000E-02   0.1250000E-02  -0.1262751E+01
  0.9417000E+00   0.5110000E-01   0.6500000E-02   0.7000000E-03  -0.2221212E+00
  0.9404000E+00   0.5155000E-01   0.6800000E-02   0.1250000E-02  -0.3197239E+00
  0.9427000E+00   0.4975000E-01   0.6750000E-02   0.8000000E-03   0.7245199E+00
  0.9410000E+00   0.5175000E-01   0.6250000E-02   0.1000000E-02   0.3606662E+00
  0.9318000E+00   0.5480000E-01   0.9700000E-02   0.3700000E-02   0.2419942E+01
  0.9368500E+00   0.5320000E-01   0.8550000E-02   0.1400000E-02   0.1265415E+01
  0.9422500E+00   0.5170000E-01   0.5200000E-02   0.8500000E-03   0.2930491E+00
  0.9345500E+00   0.5135000E-01   0.1005000E-01   0.4050000E-02   0.2697021E+01
  0.9427500E+00   0.5040000E-01   0.6200000E-02   0.6500000E-03  -0.5523917E+00
  0.9310500E+00   0.5645000E-01   0.9500000E-02   0.3000000E-02  -0.2238630E+01
  0.9395000E+00   0.5375000E-01   0.5850000E-02   0.9000000E-03   0.4054138E+00
  0.9403000E+00   0.5295000E-01   0.5850000E-02   0.9000000E-03  -0.5568251E+00
  0.9384500E+00   0.5480000E-01   0.6000000E-02   0.7500000E-03  -0.8259817E+00
  0.9400500E+00   0.5250000E-01   0.6550000E-02   0.9000000E-03   0.2179919E+00
  0.9398500E+00   0.5065000E-01   0.8150000E-02   0.1350000E-02  -0.7506961E+00
  0.9382500E+00   0.5330000E-01   0.6650000E-02   0.1800000E-02  -0.1067897E+01
  0.9390000E+00   0.5200000E-01   0.7500000E-02   0.1500000E-02  -0.9524630E+00
  0.9408000E+00   0.5195000E-01   0.5850000E-02   0.1400000E-02   0.8577788E+00
  0.9419500E+00   0.5055000E-01   0.6700000E-02   0.8000000E-03  -0.1950957E+00
  0.9440500E+00   0.5020000E-01   0.4750000E-02   0.1000000E-02   0.3307154E+00
  0.9425000E+00   0.5185000E-01   0.5000000E-02   0.6500000E-03  -0.2393371E+00
  0.9436500E+00   0.5020000E-01   0.5600000E-02   0.5500000E-03  -0.7127043E-01
  0.9413500E+00   0.5165000E-01   0.6250000E-02   0.7500000E-03   0.3866958E+00
  0.9389000E+00   0.5370000E-01   0.6450000E-02   0.9500000E-03  -0.9642659E+00
  0.9382000E+00   0.5335000E-01   0.7450000E-02   0.1000000E-02  -0.8165593E+00
  0.9410000E+00   0.5180000E-01   0.5800000E-02   0.1400000E-02  -0.1174503E+01
  0.9415000E+00   0.5170000E-01   0.6350000E-02   0.4500000E-03  -0.3036391E+00
  0.9416000E+00   0.5000000E-01   0.7150000E-02   0.1250000E-02   0.9688394E+00
  0.9435000E+00   0.5045000E-01   0.5500000E-02   0.5500000E-03  -0.4948849E-01
  0.9398500E+00   0.5315000E-01   0.6300000E-02   0.7000000E-03   0.4247993E+00
  0.9379000E+00   0.5175000E-01   0.7950000E-02   0.2400000E-02   0.1627461E+01
  0.9437500E+00   0.4985000E-01   0.5900000E-02   0.5000000E-03  -0.2111803E+00
  0.9214500E+00   0.5450000E-01   0.1445000E-01   0.9600000E-02   0.5864024E+01
  0.9404500E+00   0.5250000E-01   0.6250000E-02   0.8000000E-03   0.4216402E+00
  0.9133000E+00   0.5465000E-01   0.1520000E-01   0.1685000E-01   0.8892988E+01
  0.9401500E+00   0.5250000E-01   0.6400000E-02   0.9500000E-03   0.5692301E+00
  0.9405500E+00   0.5230000E-01   0.6150000E-02   0.1000000E-02   0.8943480E+00
  0.9339500E+00   0.5310000E-01   0.1000000E-01   0.2950000E-02   0.2265460E+01
  0.9325000E+00   0.5290000E-01   0.1005000E-01   0.4550000E-02   0.3114598E+01
  0.9299000E+00   0.5395000E-01   0.1145000E-01   0.4700000E-02   0.3214807E+01
  0.9431000E+00   0.4935000E-01   0.6800000E-02   0.7500000E-03   0.3469139E+00
  0.9410500E+00   0.5145000E-01   0.6300000E-02   0.1200000E-02  -0.3872018E+00
  0.9411000E+00   0.5025000E-01   0.6850000E-02   0.1800000E-02  -0.7429785E+00
  0.9408000E+00   0.5290000E-01   0.5500000E-02   0.8000000E-03  -0.6582986E-01
  0.9430500E+00   0.4915000E-01   0.6600000E-02   0.1200000E-02   0.4311351E+00
  0.6999000E+00   0.5450000E-01   0.3570000E-01   0.2099000E+00  -0.1166400E+03
  0.9395500E+00   0.5150000E-01   0.7350000E-02   0.1600000E-02   0.1140619E+01
  0.9389500E+00   0.5190000E-01   0.7350000E-02   0.1800000E-02   0.1241957E+01
  0.9423500E+00   0.4995000E-01   0.6200000E-02   0.1500000E-02   0.9304483E+00
  0.9357000E+00   0.5530000E-01   0.7650000E-02   0.1350000E-02   0.1146451E+01
  0.9365500E+00   0.5470000E-01   0.7150000E-02   0.1600000E-02   0.1116105E+01
  0.9428500E+00   0.5080000E-01   0.5550000E-02   0.8000000E-03   0.3027172E-03
  0.9423500E+00   0.5015000E-01   0.6650000E-02   0.8500000E-03   0.2373739E+00
  0.9448500E+00   0.4875000E-01   0.5900000E-02   0.5000000E-03   0.1863734E-01
  0.9426000E+00   0.5030000E-01   0.6100000E-02   0.1000000E-02   0.3234099E+00
  0.9386000E+00   0.5370000E-01   0.6650000E-02   0.1050000E-02  -0.5446840E+00
  0.9277000E+00   0.5630000E-01   0.1160000E-01   0.4400000E-02   0.3251618E+01
  0.9356500E+00   0.5265000E-01   0.8400000E-02   0.3300000E-02   0.2277358E+01
  0.9456000E+00   0.4890000E-01   0.4950000E-02   0.5500000E-03  -0.8322292E-01
  0.9295500E+00   0.5345000E-01   0.1235000E-01   0.4650000E-02   0.3382231E+01
  0.9369500E+00   0.5495000E-01   0.6700000E-02   0.1400000E-02   0.9992853E+00
  0.9372000E+00   0.5420000E-01   0.7100000E-02   0.1500000E-02   0.1427059E+01
  0.9368000E+00   0.5405000E-01   0.7800000E-02   0.1350000E-02   0.1352302E+01
  0.9418000E+00   0.5225000E-01   0.5400000E-02   0.5500000E-03   0.3378952E+00
  0.9416500E+00   0.5120000E-01   0.6450000E-02   0.7000000E-03   0.4273091E+00
  0.9439000E+00   0.5040000E-01   0.4800000E-02   0.9000000E-03   0.3580233E-01
  0.9430500E+00   0.5040000E-01   0.5450000E-02   0.1100000E-02  -0.4785090E+00
  0.9458000E+00   0.4845000E-01   0.5450000E-02   0.3000000E-03   0.2722084E+00
  0.9393500E+00   0.5260000E-01   0.6950000E-02   0.1100000E-02  -0.6676389E+00
  0.9439000E+00   0.4905000E-01   0.6100000E-02   0.9500000E-03  -0.3648418E+00
  0.9410500E+00   0.5345000E-01   0.5050000E-02   0.4500000E-03   0.2377130E+00
  0.9406000E+00   0.5295000E-01   0.5850000E-02   0.6000000E-03  -0.2527853E-01
  0.9380000E+00   0.5550000E-01   0.5800000E-02   0.7000000E-03   0.2848947E+00
  0.9395000E+00   0.5385000E-01   0.5700000E-02   0.9500000E-03  -0.1286601E+00
  0.9386500E+00   0.5400000E-01   0.6650000E-02   0.7000000E-03  -0.1490474E+00
  0.9425000E+00   0.5075000E-01   0.5950000E-02   0.8000000E-03  -0.1951685E+00
  0.9333500E+00   0.5585000E-01   0.8100000E-02   0.2700000E-02  -0.1960213E+01
  0.9398000E+00   0.5195000E-01   0.7450000E-02   0.8000000E-03   0.9021912E+00
  0.9312500E+00   0.5570000E-01   0.9650000E-02   0.3400000E-02  -0.2190831E+01
  0.9365000E+00   0.5410000E-01   0.8150000E-02   0.1250000E-02  -0.1336402E+01
  0.9354000E+00   0.5300000E-01   0.8750000E-02   0.2850000E-02   0.2029043E+01
  0.9393000E+00   0.5400000E-01   0.5900000E-02   0.8000000E-03   0.5262982E+00
  0.9421500E+00   0.5080000E-01   0.6050000E-02   0.1000000E-02   0.7280350E+00
  0.9366500E+00   0.5285000E-01   0.8200000E-02   0.2300000E-02   0.1725501E+01
  0.9393500E+00   0.5270000E-01   0.6400000E-02   0.1550000E-02   0.7805595E+00
  0.9336500E+00   0.5560000E-01   0.7750000E-02   0.3000000E-02  -0.1634869E+01
  0.9375000E+00   0.5480000E-01   0.6300000E-02   0.1400000E-02  -0.9577111E+00
  0.9389500E+00   0.5350000E-01   0.6350000E-02   0.1200000E-02  -0.7825464E+00
  0.9400500E+00   0.5375000E-01   0.5350000E-02   0.8500000E-03   0.3355808E+00
  0.9412000E+00   0.5310000E-01   0.4700000E-02   0.1000000E-02   0.1358272E+00
  0.9365000E+00   0.5415000E-01   0.7500000E-02   0.1850000E-02  -0.1250467E+01
  0.9398500E+00   0.5300000E-01   0.6300000E-02   0.8500000E-03  -0.2083382E+00
  0.9425000E+00   0.5125000E-01   0.5650000E-02   0.6000000E-03  -0.2862884E+00
  0.9406500E+00   0.5095000E-01   0.7400000E-02   0.1000000E-02   0.7502029E+00
  0.9403500E+00   0.5190000E-01   0.6800000E-02   0.9500000E-03  -0.7258253E+00
  0.9418500E+00   0.5145000E-01   0.5800000E-02   0.9000000E-03  -0.1453502E-01
  0.9417000E+00   0.5175000E-01   0.5750000E-02   0.8000000E-03   0.1430609E+00
  0.9424000E+00   0.4985000E-01   0.6950000E-02   0.8000000E-03   0.1928528E+00
  0.9445000E+00   0.4875000E-01   0.6050000E-02   0.7000000E-03   0.1386471E+00
  0.9396000E+00   0.5240000E-01   0.7000000E-02   0.1000000E-02  -0.1051399E+00
  0.9433000E+00   0.4910000E-01   0.6800000E-02   0.8000000E-03   0.7447581E+00
  0.9437000E+00   0.4910000E-01   0.6250000E-02   0.9500000E-03  -0.2091067E+00
  0.9382500E+00   0.5485000E-01   0.6300000E-02   0.6000000E-03  -0.4003539E+00
  0.9409500E+00   0.5185000E-01   0.6350000E-02   0.8500000E-03  -0.3247574E+00
  0.9371500E+00   0.5295000E-01   0.7800000E-02   0.2100000E-02  -0.1626859E+01
  0.9417500E+00   0.5165000E-01   0.5950000E-02   0.6500000E-03  -0.5205118E-01
  0.9408500E+00   0.5160000E-01   0.6550000E-02   0.1000000E-02  -0.6210089E+00
  0.9411500E+00   0.5135000E-01   0.6450000E-02   0.1050000E-02  -0.6325889E+00
  0.9435500E+00   0.5015000E-01   0.5550000E-02   0.7500000E-03  -0.3392066E+00
  0.9385000E+00   0.5255000E-01   0.7700000E-02   0.1250000E-02  -0.1208456E+01
  0.9401500E+00   0.5170000E-01   0.7150000E-02   0.1000000E-02   0.6640763E+00
  0.9426000E+00   0.4980000E-01   0.6400000E-02   0.1200000E-02   0.6054949E+00
  0.9422500E+00   0.5035000E-01   0.6800000E-02   0.6000000E-03   0.5526046E+00
  0.9427500E+00   0.5045000E-01   0.6350000E-02   0.4500000E-03  -0.7009391E-01
  0.9408500E+00   0.5265000E-01   0.5700000E-02   0.8000000E-03  -0.6681427E-01
  0.9157500E+00   0.5570000E-01   0.1570000E-01   0.1285000E-01  -0.7202554E+01
  0.9406500E+00   0.5210000E-01   0.6150000E-02   0.1100000E-02   0.3788597E+00
  0.9413000E+00   0.4975000E-01   0.7950000E-02   0.1000000E-02  -0.7231276E+00
  0.9411500E+00   0.5180000E-01   0.6350000E-02   0.7000000E-03   0.1992152E+00
  0.9420500E+00   0.5195000E-01   0.5400000E-02   0.6000000E-03  -0.3345136E+00
  0.9439500E+00   0.4990000E-01   0.5550000E-02   0.6000000E-03  -0.1742160E+00
  0.9397500E+00   0.5295000E-01   0.6450000E-02   0.8500000E-03   0.5765221E+00
  0.9424500E+00   0.5225000E-01   0.4550000E-02   0.7500000E-03   0.1508650E+00
  0.9412000E+00   0.5155000E-01   0.6650000E-02   0.6000000E-03  -0.7135487E+00
  0.9400000E+00   0.5290000E-01   0.6600000E-02   0.5000000E-03   0.2219683E+00
  0.9391500E+00   0.5240000E-01   0.7100000E-02   0.1350000E-02   0.8444888E-01
  0.9447000E+00   0.4975000E-01   0.4600000E-02   0.9500000E-03  -0.2546398E+00
  0.9421500E+00   0.5165000E-01   0.5450000E-02   0.7500000E-03  -0.1112081E+00
  0.9439500E+00   0.4890000E-01   0.6000000E-02   0.1150000E-02   0.9270482E-01
  0.9418000E+00   0.5155000E-01   0.6050000E-02   0.6000000E-03   0.4346223E+00
  0.9423500E+00   0.5155000E-01   0.5600000E-02   0.5000000E-03   0.3929683E+00
  0.9419000E+00   0.5035000E-01   0.7050000E-02   0.7000000E-03   0.3768118E+00
  0.9378500E+00   0.5405000E-01   0.6950000E-02   0.1150000E-02   0.9968802E+00
  0.9363000E+00   0.5430000E-01   0.7450000E-02   0.1950000E-02  -0.1601726E+01
  0.9346000E+00   0.5635000E-01   0.7400000E-02   0.1650000E-02  -0.1303969E+01
  0.9383500E+00   0.5350000E-01   0.6950000E-02   0.1200000E-02   0.1086660E+01
  0.9405500E+00   0.5240000E-01   0.6250000E-02   0.8000000E-03  -0.1413038E+00
  0.9378000E+00   0.5420000E-01   0.7200000E-02   0.8000000E-03  -0.2407827E+00
  0.9413500E+00   0.5155000E-01   0.6400000E-02   0.7000000E-03   0.3229607E+00
  0.9396000E+00   0.5325000E-01   0.6350000E-02   0.8000000E-03  -0.3803662E+00
  0.9422500E+00   0.4975000E-01   0.6550000E-02   0.1450000E-02   0.6216356E+00
  0.9369500E+00   0.5420000E-01   0.7050000E-02   0.1800000E-02   0.1414408E+01
  0.9415000E+00   0.5115000E-01   0.6250000E-02   0.1100000E-02  -0.7720451E+00
  0.9439000E+00   0.4975000E-01   0.5500000E-02   0.8500000E-03  -0.1496282E+00
  0.9400500E+00   0.5260000E-01   0.6150000E-02   0.1200000E-02  -0.8080155E+00
  0.9429500E+00   0.5030000E-01   0.5850000E-02   0.9000000E-03  -0.1191893E+00
  0.9408000E+00   0.5325000E-01   0.5500000E-02   0.4500000E-03  -0.8251353E-01
  0.9374500E+00   0.5240000E-01   0.8600000E-02   0.1550000E-02   0.1473039E+01
  0.9433500E+00   0.5015000E-01   0.5800000E-02   0.7000000E-03   0.1961773E+00
  0.9413000E+00   0.5095000E-01   0.6750000E-02   0.1000000E-02   0.4037247E+00
  0.9379000E+00   0.5350000E-01   0.6900000E-02   0.1700000E-02   0.9662771E+00
  0.9388000E+00   0.5370000E-01   0.6650000E-02   0.8500000E-03   0.4345187E+00
  0.9392000E+00   0.5245000E-01   0.6750000E-02   0.1600000E-02   0.9559650E+00
  0.9421000E+00   0.4985000E-01   0.7150000E-02   0.9000000E-03   0.8446762E+00
  0.9416500E+00   0.5180000E-01   0.5950000E-02   0.6000000E-03  -0.4509548E-01
  0.9374500E+00   0.5505000E-01   0.6400000E-02   0.1100000E-02   0.8134227E+00
  0.9265000E+00   0.5600000E-01   0.1220000E-01   0.5300000E-02   0.3608481E+01
  0.9181000E+00   0.5365000E-01   0.1480000E-01   0.1345000E-01  -0.7653905E+01
  0.9430000E+00   0.5030000E-01   0.5900000E-02   0.8000000E-03   0.5403291E+00
  0.9402000E+00   0.5245000E-01   0.6500000E-02   0.8500000E-03   0.4894157E+00
  0.9433500E+00   0.4995000E-01   0.6050000E-02   0.6500000E-03   0.4885778E-01
  0.4759000E+00   0.4040000E-01   0.4115000E-01   0.4425500E+00  -0.2558986E+03
  0.9350500E+00   0.5480000E-01   0.7750000E-02   0.2400000E-02   0.1754962E+01
  0.9406000E+00   0.5180000E-01   0.6600000E-02   0.1000000E-02   0.2852806E+00
  0.9375000E+00   0.5540000E-01   0.5850000E-02   0.1250000E-02   0.5376254E+00
  0.9398000E+00   0.5140000E-01   0.7250000E-02   0.1550000E-02  -0.1252038E+01
  0.9323000E+00   0.5610000E-01   0.9850000E-02   0.1750000E-02  -0.1409529E+01
  0.9420000E+00   0.5085000E-01   0.6200000E-02   0.9500000E-03   0.5005815E+00
  0.9388500E+00   0.5275000E-01   0.6550000E-02   0.1850000E-02  -0.1334908E+01
  0.9411500E+00   0.5315000E-01   0.5350000E-02   0.3500000E-03   0.5075743E-02
  0.9301000E+00   0.5745000E-01   0.9350000E-02   0.3100000E-02  -0.2550962E+01
  0.9432500E+00   0.4965000E-01   0.6100000E-02   0.1000000E-02   0.5317529E+00
  0.9416000E+00   0.5185000E-01   0.5950000E-02   0.6000000E-03   0.5516510E-01
  0.9280500E+00   0.5660000E-01   0.1140000E-01   0.3950000E-02  -0.3109964E+01
  0.9405000E+00   0.5335000E-01   0.5450000E-02   0.7000000E-03  -0.6981331E-01
  0.9409000E+00   0.5255000E-01   0.5900000E-02   0.6500000E-03  -0.1469904E+00
  0.9419500E+00   0.5070000E-01   0.6750000E-02   0.6000000E-03  -0.9797577E-01
  0.9433000E+00   0.5085000E-01   0.5150000E-02   0.7000000E-03   0.4885525E+00
  0.9447000E+00   0.4785000E-01   0.6250000E-02   0.1200000E-02   0.2392945E+00
  0.9423000E+00   0.5185000E-01   0.5100000E-02   0.7500000E-03   0.1782762E+00
  0.9400000E+00   0.5280000E-01   0.5750000E-02   0.1450000E-02   0.6880007E+00
  0.9447500E+00   0.4950000E-01   0.5100000E-02   0.6500000E-03   0.3057157E+00
  0.9408500E+00   0.5285000E-01   0.5500000E-02   0.8000000E-03  -0.2424561E-01
  0.9394000E+00   0.5075000E-01   0.8500000E-02   0.1350000E-02  -0.1180485E+01
  0.9409000E+00   0.5130000E-01   0.6550000E-02   0.1250000E-02  -0.7631231E+00
  0.9398000E+00   0.5120000E-01   0.7650000E-02   0.1350000E-02  -0.9416438E+00
  0.9421500E+00   0.5130000E-01   0.5750000E-02   0.8000000E-03   0.2325292E+00
  0.9397000E+00   0.5170000E-01   0.7400000E-02   0.1200000E-02  -0.6026302E+00
  0.9394500E+00   0.5440000E-01   0.5150000E-02   0.1000000E-02  -0.1418924E+00
  0.9395000E+00   0.5255000E-01   0.6950000E-02   0.1000000E-02  -0.1868290E+00
  0.9323000E+00   0.5370000E-01   0.1040000E-01   0.3600000E-02   0.2615784E+01
  0.9383500E+00   0.5290000E-01   0.7700000E-02   0.1050000E-02  -0.8418346E+00
  0.9249500E+00   0.5850000E-01   0.1195000E-01   0.4600000E-02   0.3302340E+01
  0.9369000E+00   0.5435000E-01   0.6900000E-02   0.1850000E-02   0.1245146E+01
  0.9351000E+00   0.5360000E-01   0.9100000E-02   0.2200000E-02   0.1863117E+01
  0.9409500E+00   0.5100000E-01   0.6850000E-02   0.1200000E-02  -0.5932031E+00
  0.9406000E+00   0.5200000E-01   0.6400000E-02   0.1000000E-02   0.2168864E+00
  0.9147500E+00   0.5410000E-01   0.1630000E-01   0.1485000E-01  -0.8483799E+01
  0.9400000E+00   0.5270000E-01   0.6250000E-02   0.1050000E-02  -0.1392582E+00
  0.9394500E+00   0.5275000E-01   0.6450000E-02   0.1350000E-02  -0.7259168E+00
  0.9395500E+00   0.5180000E-01   0.7300000E-02   0.1350000E-02   0.1232120E+01
  0.9405000E+00   0.5240000E-01   0.6500000E-02   0.6000000E-03   0.2567269E+00
  0.9392000E+00   0.5270000E-01   0.7200000E-02   0.9000000E-03  -0.7712926E+00
  0.9420500E+00   0.5125000E-01   0.5950000E-02   0.7500000E-03   0.2456383E+00
  0.9411500E+00   0.5225000E-01   0.6200000E-02   0.4000000E-03  -0.1525856E+00
  0.9372500E+00   0.5350000E-01   0.7750000E-02   0.1500000E-02  -0.1350600E+01
  0.9412500E+00   0.5150000E-01   0.6300000E-02   0.9500000E-03   0.3210597E+00
  0.9353500E+00   0.5220000E-01   0.9750000E-02   0.2700000E-02   0.2150727E+01
  0.9260000E+00   0.5475000E-01   0.1345000E-01   0.5800000E-02   0.4370811E+01
  0.9230000E+00   0.5615000E-01   0.1320000E-01   0.7650000E-02   0.4668066E+01
  0.9380000E+00   0.5285000E-01   0.7400000E-02   0.1750000E-02   0.1125549E+01
  0.9422000E+00   0.5195000E-01   0.5100000E-02   0.7500000E-03   0.1230754E+00
  0.9424000E+00   0.4965000E-01   0.6950000E-02   0.1000000E-02  -0.4278309E+00
  0.9411500E+00   0.5205000E-01   0.5950000E-02   0.8500000E-03  -0.3860573E+00
  0.9381000E+00   0.5310000E-01   0.6950000E-02   0.1850000E-02  -0.1360282E+01
  0.9422000E+00   0.5095000E-01   0.6250000E-02   0.6000000E-03  -0.3456683E+00
  0.9366000E+00   0.5650000E-01   0.5850000E-02   0.1050000E-02  -0.3946948E+00
  0.9414000E+00   0.5210000E-01   0.5700000E-02   0.8000000E-03   0.5599745E+00
  0.9362000E+00   0.5475000E-01   0.7550000E-02   0.1500000E-02   0.1082021E+01
  0.9358000E+00   0.5260000E-01   0.9300000E-02   0.2300000E-02   0.2153652E+01
  0.9282000E+00   0.5770000E-01   0.1080000E-01   0.3300000E-02  -0.2912195E+01
  0.8692500E+00   0.5840000E-01   0.2640000E-01   0.4595000E-01  -0.2509584E+02
  0.9433500E+00   0.5030000E-01   0.5350000E-02   0.1000000E-02  -0.5483560E+00
  0.9367500E+00   0.5225000E-01   0.8400000E-02   0.2600000E-02  -0.1691485E+01
  0.9408000E+00   0.5235000E-01   0.6100000E-02   0.7500000E-03   0.3190103E+00
  0.9382500E+00   0.5370000E-01   0.6700000E-02   0.1350000E-02   0.9602140E+00
  0.9416500E+00   0.5210000E-01   0.5700000E-02   0.5500000E-03   0.2669171E+00
  0.9425000E+00   0.5070000E-01   0.5850000E-02   0.9500000E-03   0.1246594E+00
  0.9420500E+00   0.5140000E-01   0.5750000E-02   0.8000000E-03   0.4759627E-01
  0.9412500E+00   0.5155000E-01   0.6000000E-02   0.1200000E-02   0.1486705E+00
  0.9405500E+00   0.5280000E-01   0.5900000E-02   0.7500000E-03  -0.5059082E-01
  0.9426000E+00   0.5165000E-01   0.4850000E-02   0.9000000E-03  -0.2247076E+00
  0.9414000E+00   0.5290000E-01   0.4950000E-02   0.7500000E-03  -0.7590905E-01
  0.9419500E+00   0.5085000E-01   0.5950000E-02   0.1250000E-02  -0.2553468E+00
  0.9393000E+00   0.5310000E-01   0.6600000E-02   0.1000000E-02  -0.1078568E+00
  0.9275500E+00   0.5645000E-01   0.1005000E-01   0.5950000E-02  -0.3533712E+01
  0.9423500E+00   0.4985000E-01   0.6850000E-02   0.9500000E-03  -0.1689237E-01
  0.9412500E+00   0.5135000E-01   0.6300000E-02   0.1100000E-02  -0.5494530E+00
  0.9430500E+00   0.4950000E-01   0.6050000E-02   0.1400000E-02   0.1651881E+00
  0.9437500E+00   0.5015000E-01   0.5400000E-02   0.7000000E-03  -0.1185717E+00
  0.9407500E+00   0.5165000E-01   0.6650000E-02   0.9500000E-03   0.3149068E+00
  0.9408000E+00   0.5295000E-01   0.5500000E-02   0.7500000E-03  -0.1464486E+00
  0.9389500E+00   0.5210000E-01   0.8000000E-02   0.9500000E-03  -0.3085613E+00
  0.9413500E+00   0.5080000E-01   0.6600000E-02   0.1250000E-02  -0.9085830E+00
  0.9027500E+00   0.5680000E-01   0.1795000E-01   0.2250000E-01  -0.1221596E+02
  0.9304000E+00   0.5490000E-01   0.1120000E-01   0.3500000E-02  -0.2799995E+01
  0.9437000E+00   0.4850000E-01   0.7150000E-02   0.6500000E-03  -0.2553097E+00
  0.9409000E+00   0.5190000E-01   0.5950000E-02   0.1250000E-02  -0.4370148E+00
  0.9406500E+00   0.5185000E-01   0.6350000E-02   0.1150000E-02  -0.9281043E+00
  0.9408500E+00   0.5280000E-01   0.5550000E-02   0.8000000E-03  -0.4961669E+00
  0.9408500E+00   0.5100000E-01   0.6700000E-02   0.1450000E-02  -0.6890369E+00
  0.9369000E+00   0.5525000E-01   0.7150000E-02   0.7000000E-03  -0.6762418E+00
  0.9413000E+00   0.5140000E-01   0.6450000E-02   0.8500000E-03  -0.3598390E+00
  0.9244500E+00   0.5400000E-01   0.1365000E-01   0.7900000E-02   0.5274721E+01
  0.9395500E+00   0.5330000E-01   0.6450000E-02   0.7000000E-03  -0.2169272E+00
  0.9388000E+00   0.5175000E-01   0.7600000E-02   0.1850000E-02   0.1288648E+01
  0.9409500E+00   0.5155000E-01   0.6650000E-02   0.8500000E-03   0.7226487E+00
  0.9423000E+00   0.5075000E-01   0.6300000E-02   0.6500000E-03   0.3648549E+00
  0.9376000E+00   0.5520000E-01   0.6450000E-02   0.7500000E-03   0.4966958E+00
  0.9401500E+00   0.5285000E-01   0.5900000E-02   0.1100000E-02   0.5126970E+00
  0.9408000E+00   0.5310000E-01   0.5400000E-02   0.7000000E-03   0.2955526E+00
  0.9415500E+00   0.5120000E-01   0.6100000E-02   0.1150000E-02   0.7109603E+00
  0.9333500E+00   0.5645000E-01   0.8550000E-02   0.1650000E-02   0.1199162E+01
  0.9426500E+00   0.5120000E-01   0.5200000E-02   0.9500000E-03  -0.2566310E+00
  0.9426500E+00   0.5080000E-01   0.5800000E-02   0.7500000E-03   0.5230521E-01
  0.9421000E+00   0.4940000E-01   0.6800000E-02   0.1700000E-02  -0.1194147E+01
  0.9364000E+00   0.5475000E-01   0.7400000E-02   0.1450000E-02  -0.1433513E+01
  0.9420000E+00   0.5085000E-01   0.6500000E-02   0.6500000E-03   0.3055202E+00
  0.9429500E+00   0.5095000E-01   0.5350000E-02   0.7500000E-03  -0.1265185E+00
  0.9425000E+00   0.5115000E-01   0.5350000E-02   0.1000000E-02  -0.3536960E+00
  0.9411500E+00   0.5205000E-01   0.5900000E-02   0.9000000E-03   0.5561745E+00
  0.9413500E+00   0.5100000E-01   0.6700000E-02   0.9500000E-03   0.7111327E+00
  0.9421000E+00   0.5045000E-01   0.6700000E-02   0.7500000E-03   0.8033803E+00
  0.9395500E+00   0.5270000E-01   0.6950000E-02   0.8000000E-03   0.6858180E+00
  0.9427500E+00   0.5045000E-01   0.6100000E-02   0.7000000E-03   0.1619864E+00
  0.9395500E+00   0.5130000E-01   0.7700000E-02   0.1450000E-02   0.7125957E+00
  0.9409500E+00   0.5225000E-01   0.6200000E-02   0.6000000E-03  -0.6164902E+00
  0.9409500E+00   0.5060000E-01   0.7300000E-02   0.1150000E-02  -0.5836180E+00
  0.9415000E+00   0.5160000E-01   0.5900000E-02   0.1000000E-02  -0.5030615E+00
  0.9409500E+00   0.5210000E-01   0.5650000E-02   0.1300000E-02   0.2791376E+00
  0.9384500E+00   0.5460000E-01   0.6000000E-02   0.9500000E-03   0.5923840E+00
  0.9386000E+00   0.5450000E-01   0.6150000E-02   0.7500000E-03   0.6811039E+00
  0.9426000E+00   0.5100000E-01   0.5700000E-02   0.7000000E-03   0.3615539E+00
  0.9450500E+00   0.4910000E-01   0.5100000E-02   0.7500000E-03  -0.3469908E+00
  0.9377000E+00   0.5495000E-01   0.6400000E-02   0.9500000E-03   0.5576632E+00
  0.9338000E+00   0.5605000E-01   0.8850000E-02   0.1300000E-02  -0.1194251E+01
  0.8778000E+00   0.5975000E-01   0.2660000E-01   0.3585000E-01  -0.1917984E+02
  0.9171500E+00   0.5925000E-01   0.1580000E-01   0.7800000E-02  -0.5282985E+01
  0.8744500E+00   0.6080000E-01   0.2680000E-01   0.3795000E-01  -0.2062139E+02
  0.9410500E+00   0.5190000E-01   0.6350000E-02   0.7000000E-03  -0.7409814E+00
  0.9379000E+00   0.5405000E-01   0.6900000E-02   0.1150000E-02   0.7673071E+00
  0.9381000E+00   0.5440000E-01   0.6950000E-02   0.5500000E-03  -0.3370869E+00
  0.9422000E+00   0.5070000E-01   0.6150000E-02   0.9500000E-03   0.4163471E+00
  0.9377500E+00   0.5370000E-01   0.7550000E-02   0.1000000E-02   0.1033870E+01
  0.9384500E+00   0.5475000E-01   0.5750000E-02   0.1050000E-02   0.7034029E+00
  0.9390000E+00   0.5210000E-01   0.6800000E-02   0.2100000E-02   0.1126376E+01
  0.9402500E+00   0.5180000E-01   0.6850000E-02   0.1100000E-02  -0.2773333E+00
  0.9420500E+00   0.5155000E-01   0.5600000E-02   0.8000000E-03   0.2661847E+00
  0.9417500E+00   0.5160000E-01   0.6350000E-02   0.3000000E-03   0.5608027E-01
  0.9429000E+00   0.5015000E-01   0.5800000E-02   0.1150000E-02  -0.4958883E+00
  0.9320000E+00   0.5560000E-01   0.9250000E-02   0.3150000E-02  -0.1979038E+01
  0.9388500E+00   0.5455000E-01   0.5700000E-02   0.9000000E-03  -0.8853079E-01
  0.9412000E+00   0.5150000E-01   0.6450000E-02   0.8500000E-03  -0.4946732E+00
  0.9326500E+00   0.5560000E-01   0.8800000E-02   0.2950000E-02  -0.2172309E+01
  0.9408000E+00   0.5270000E-01   0.6000000E-02   0.5000000E-03  -0.3595292E+00
  0.9409000E+00   0.5325000E-01   0.5100000E-02   0.7500000E-03   0.1835120E+00
  0.9413000E+00   0.5260000E-01   0.5100000E-02   0.1000000E-02   0.3177868E+00
  0.9392500E+00   0.5325000E-01   0.6250000E-02   0.1250000E-02   0.6447044E+00
  0.9397500E+00   0.5095000E-01   0.8000000E-02   0.1300000E-02   0.1035899E+01
  0.9342000E+00   0.5445000E-01   0.8600000E-02   0.2750000E-02   0.2024343E+01
  0.9289500E+00   0.5610000E-01   0.1155000E-01   0.3400000E-02   0.2837107E+01
  0.9429000E+00   0.5075000E-01   0.5600000E-02   0.7500000E-03   0.2077653E+00
  0.9409000E+00   0.5230000E-01   0.5900000E-02   0.9000000E-03   0.3718330E+00
  0.9418500E+00   0.5115000E-01   0.6600000E-02   0.4000000E-03   0.1536112E+00
  0.9324000E+00   0.5610000E-01   0.8850000E-02   0.2650000E-02   0.2010045E+01
  0.9417000E+00   0.5075000E-01   0.6900000E-02   0.6500000E-03  -0.5624439E+00
  0.9376000E+00   0.5550000E-01   0.6150000E-02   0.7500000E-03  -0.5913088E-01
  0.9363500E+00   0.5545000E-01   0.7050000E-02   0.1150000E-02  -0.8666606E+00
  0.9386500E+00   0.5330000E-01   0.7200000E-02   0.8500000E-03  -0.1138733E+01
  0.9406000E+00   0.5200000E-01   0.6650000E-02   0.7500000E-03  -0.6480004E+00
  0.9395500E+00   0.5315000E-01   0.6500000E-02   0.8000000E-03  -0.5348807E+00
  0.9412000E+00   0.5185000E-01   0.5650000E-02   0.1300000E-02  -0.7903472E+00
  0.9387500E+00   0.5400000E-01   0.6450000E-02   0.8000000E-03   0.4072255E+00
  0.9383000E+00   0.5530000E-01   0.5850000E-02   0.5500000E-03  -0.5107393E+00
  0.9414000E+00   0.5195000E-01   0.5950000E-02   0.7000000E-03   0.1898883E+00
  0.9404000E+00   0.5260000E-01   0.5950000E-02   0.1050000E-02   0.5895309E+00
  0.9409500E+00   0.5265000E-01   0.5650000E-02   0.7500000E-03   0.1523315E+00
  0.9412000E+00   0.5125000E-01   0.6500000E-02   0.1050000E-02  -0.8880526E+00
  0.9421000E+00   0.5170000E-01   0.5600000E-02   0.6000000E-03  -0.3403461E+00
  0.9401500E+00   0.5260000E-01   0.6350000E-02   0.9000000E-03   0.5105387E+00
  0.9400500E+00   0.5340000E-01   0.5900000E-02   0.6500000E-03  -0.9683863E-01
  0.9403000E+00   0.5190000E-01   0.6600000E-02   0.1200000E-02   0.6876433E+00
  0.9407000E+00   0.5230000E-01   0.6250000E-02   0.7500000E-03   0.9867992E-01
  0.9402500E+00   0.5335000E-01   0.5600000E-02   0.8000000E-03   0.4322504E+00
  0.9448000E+00   0.4935000E-01   0.5400000E-02   0.4500000E-03   0.4073270E+00
  0.9416000E+00   0.5195000E-01   0.5000000E-02   0.1450000E-02   0.3234407E+00
  0.9430000E+00   0.5075000E-01   0.5500000E-02   0.7500000E-03   0.2505095E+00
  0.9327000E+00   0.5640000E-01   0.8600000E-02   0.2300000E-02  -0.1905376E+01
  0.9413500E+00   0.5120000E-01   0.6500000E-02   0.9500000E-03  -0.2496682E+00
  0.9411500E+00   0.5135000E-01   0.6450000E-02   0.1050000E-02  -0.5740567E+00
  0.9431000E+00   0.5045000E-01   0.5650000E-02   0.8000000E-03   0.1366102E+00
  0.9406500E+00   0.5300000E-01   0.5550000E-02   0.8000000E-03  -0.1156541E-01
  0.9438000E+00   0.4835000E-01   0.6600000E-02   0.1250000E-02   0.2218646E+00
  0.9411500E+00   0.5225000E-01   0.5600000E-02   0.1000000E-02  -0.8143436E-01
  0.9417000E+00   0.5105000E-01   0.6150000E-02   0.1100000E-02  -0.7128059E+00
  0.9428500E+00   0.4995000E-01   0.5950000E-02   0.1250000E-02  -0.5818607E+00
  0.9414000E+00   0.5180000E-01   0.6150000E-02   0.6500000E-03   0.3632244E+00
  0.9412000E+00   0.5110000E-01   0.6500000E-02   0.1200000E-02  -0.4053177E+00
  0.9442000E+00   0.4995000E-01   0.5100000E-02   0.7500000E-03   0.6127555E-01
  0.9420500E+00   0.5010000E-01   0.6800000E-02   0.1050000E-02   0.3480618E-01
  0.9419500E+00   0.5140000E-01   0.6000000E-02   0.6500000E-03  -0.8322920E-01
  0.9417000E+00   0.5140000E-01   0.6150000E-02   0.7500000E-03  -0.9754204E-01
  0.9427000E+00   0.5040000E-01   0.5950000E-02   0.9500000E-03  -0.2764859E+00
  0.9442000E+00   0.4945000E-01   0.5350000E-02   0.1000000E-02  -0.5906695E+00
  0.9437000E+00   0.5015000E-01   0.5300000E-02   0.8500000E-03  -0.3444368E+00
  0.9416500E+00   0.5220000E-01   0.5550000E-02   0.6000000E-03  -0.2179577E+00
  0.9440500E+00   0.4985000E-01   0.5800000E-02   0.3000000E-03  -0.7695942E-01
  0.9420500E+00   0.5165000E-01   0.5350000E-02   0.9500000E-03   0.2396816E+00
  0.9447000E+00   0.4820000E-01   0.6250000E-02   0.8500000E-03  -0.4006020E+00
  0.9435000E+00   0.5010000E-01   0.5900000E-02   0.5000000E-03  -0.1102958E+00
  0.9413000E+00   0.5240000E-01   0.5450000E-02   0.8500000E-03   0.1941394E+00
  0.9430000E+00   0.5040000E-01   0.5700000E-02   0.9000000E-03  -0.6656144E+00
  0.9398000E+00   0.5285000E-01   0.6250000E-02   0.1100000E-02  -0.5716983E+00
  0.9408000E+00   0.5235000E-01   0.6350000E-02   0.5000000E-03   0.1211603E+00
  0.9412500E+00   0.5165000E-01   0.6450000E-02   0.6500000E-03  -0.9835935E-01
  0.9394000E+00   0.5450000E-01   0.5350000E-02   0.7500000E-03  -0.4663699E-01
  0.9405500E+00   0.5175000E-01   0.6750000E-02   0.9500000E-03  -0.7317718E+00
  0.9416500E+00   0.5125000E-01   0.6050000E-02   0.1050000E-02   0.3731774E+00
  0.9371000E+00   0.5415000E-01   0.7300000E-02   0.1450000E-02   0.1093008E+01
  0.9349500E+00   0.5405000E-01   0.8700000E-02   0.2300000E-02   0.1718999E+01
  0.9368000E+00   0.5350000E-01   0.7850000E-02   0.1850000E-02   0.1306821E+01
  0.9432500E+00   0.5085000E-01   0.5350000E-02   0.5500000E-03   0.2630407E+00
  0.9445000E+00   0.5015000E-01   0.4550000E-02   0.8000000E-03   0.3027452E-01
  0.9425500E+00   0.5135000E-01   0.5300000E-02   0.8000000E-03  -0.1724304E+00
  0.9423500E+00   0.5055000E-01   0.6300000E-02   0.8000000E-03   0.3583927E-01
  0.9419500E+00   0.5075000E-01   0.6600000E-02   0.7000000E-03   0.5061360E+00
  0.9418000E+00   0.5140000E-01   0.6150000E-02   0.6500000E-03   0.2237879E+00
  0.9414500E+00   0.5155000E-01   0.6600000E-02   0.4000000E-03   0.1585531E+00
  0.9394000E+00   0.5385000E-01   0.6450000E-02   0.3000000E-03   0.2191201E+00
  0.9416000E+00   0.5030000E-01   0.7000000E-02   0.1100000E-02  -0.6247123E+00
  0.9366000E+00   0.5450000E-01   0.7350000E-02   0.1550000E-02  -0.1177388E+01
  0.9385500E+00   0.5320000E-01   0.6850000E-02   0.1400000E-02   0.9577514E+00
  0.9381000E+00   0.5235000E-01   0.7750000E-02   0.1800000E-02   0.1324641E+01
  0.9363000E+00   0.5385000E-01   0.7600000E-02   0.2250000E-02   0.1614860E+01
  0.9324000E+00   0.5480000E-01   0.1060000E-01   0.2200000E-02   0.2187703E+01
  0.9354500E+00   0.5355000E-01   0.8850000E-02   0.2150000E-02   0.1765249E+01
  0.9401000E+00   0.5110000E-01   0.7400000E-02   0.1400000E-02   0.1059922E+01
  0.9404500E+00   0.5105000E-01   0.6750000E-02   0.1750000E-02   0.1088097E+01
  0.9407500E+00   0.5170000E-01   0.6600000E-02   0.9500000E-03   0.1067520E+01
  0.9407500E+00   0.5160000E-01   0.6300000E-02   0.1350000E-02   0.6019403E+00
  0.9411500E+00   0.5135000E-01   0.6650000E-02   0.8500000E-03   0.6234630E+00
  0.9340500E+00   0.5365000E-01   0.9250000E-02   0.3050000E-02   0.2156132E+01
  0.9407500E+00   0.5230000E-01   0.6300000E-02   0.6500000E-03  -0.3065365E+00
  0.9415500E+00   0.5085000E-01   0.6100000E-02   0.1500000E-02   0.8432380E+00
  0.9368500E+00   0.5290000E-01   0.8400000E-02   0.1850000E-02   0.1344925E+01
  0.9347000E+00   0.5400000E-01   0.8950000E-02   0.2350000E-02   0.1702124E+01
  0.9396000E+00   0.5245000E-01   0.6600000E-02   0.1350000E-02   0.8604051E+00
  0.9403000E+00   0.5040000E-01   0.7800000E-02   0.1500000E-02   0.9461014E+00
  0.9421000E+00   0.5075000E-01   0.6700000E-02   0.4500000E-03   0.3435734E+00
  0.9420500E+00   0.5190000E-01   0.5350000E-02   0.7000000E-03  -0.2265691E+00
  0.9396500E+00   0.5280000E-01   0.6500000E-02   0.1050000E-02   0.6251007E+00
  0.9397500E+00   0.5170000E-01   0.7300000E-02   0.1250000E-02   0.1057447E+01
  0.9386000E+00   0.5285000E-01   0.7300000E-02   0.1250000E-02   0.9410991E+00
  0.9397000E+00   0.5335000E-01   0.6100000E-02   0.8500000E-03  -0.2173787E-01
  0.9411000E+00   0.5175000E-01   0.6400000E-02   0.7500000E-03   0.7187849E+00
  0.9423500E+00   0.5065000E-01   0.5950000E-02   0.1050000E-02   0.7266608E+00
  0.9423500E+00   0.5000000E-01   0.6750000E-02   0.9000000E-03  -0.3896263E+00
  0.9446000E+00   0.4845000E-01   0.6300000E-02   0.6500000E-03  -0.1843313E+00
