           PIP1            PIP2            PIP3            PIP4           alpha
  0.9400500E+00   0.5255000E-01   0.6800000E-02   0.6000000E-03  -0.2603556E+00
  0.9342500E+00   0.5560000E-01   0.8550000E-02   0.1600000E-02   0.1024541E+01
  0.9317500E+00   0.5630000E-01   0.9200000E-02   0.2750000E-02   0.2108346E+01
  0.9385500E+00   0.5530000E-01   0.5550000E-02   0.6000000E-03  -0.1711184E-01
  0.9413000E+00   0.5180000E-01   0.6250000E-02   0.6500000E-03   0.1518384E+00
  0.9402500E+00   0.5260000E-01   0.6650000E-02   0.5000000E-03   0.4002465E+00
  0.9407000E+00   0.5260000E-01   0.5800000E-02   0.9000000E-03  -0.3295466E+00
  0.9418500E+00   0.5145000E-01   0.5700000E-02   0.1000000E-02  -0.6940984E+00
  0.9402500E+00   0.5290000E-01   0.5850000E-02   0.1000000E-02  -0.1920065E+00
  0.9367000E+00   0.5585000E-01   0.6600000E-02   0.8500000E-03   0.4858434E+00
  0.9407500E+00   0.5250000E-01   0.6150000E-02   0.6000000E-03   0.2299586E+00
  0.9397000E+00   0.5275000E-01   0.6550000E-02   0.1000000E-02   0.1075824E+01
  0.9324500E+00   0.5675000E-01   0.8450000E-02   0.2350000E-02  -0.1852931E+01
  0.9352500E+00   0.5475000E-01   0.8650000E-02   0.1350000E-02  -0.1184393E+01
  0.9338000E+00   0.5545000E-01   0.8950000E-02   0.1800000E-02  -0.1494391E+01
  0.9414000E+00   0.5155000E-01   0.6500000E-02   0.5500000E-03   0.2089900E+00
  0.9392500E+00   0.5315000E-01   0.6800000E-02   0.8000000E-03   0.1120948E+00
  0.9386000E+00   0.5370000E-01   0.6900000E-02   0.8000000E-03  -0.4964762E+00
  0.9413000E+00   0.5145000E-01   0.6400000E-02   0.8500000E-03  -0.1619113E+00
  0.9367000E+00   0.5555000E-01   0.6550000E-02   0.1200000E-02  -0.5758344E+00
  0.9372500E+00   0.5535000E-01   0.6750000E-02   0.6500000E-03  -0.3887936E+00
  0.9352500E+00   0.5310000E-01   0.9200000E-02   0.2450000E-02  -0.1657008E+01
  0.9366500E+00   0.5440000E-01   0.7900000E-02   0.1050000E-02  -0.1070006E+01
  0.9349000E+00   0.5735000E-01   0.7000000E-02   0.7500000E-03   0.4662231E-01
  0.9366000E+00   0.5625000E-01   0.6100000E-02   0.1050000E-02  -0.3343018E+00
  0.9359500E+00   0.5420000E-01   0.8450000E-02   0.1400000E-02  -0.1122933E+01
  0.9395500E+00   0.5245000E-01   0.6950000E-02   0.1050000E-02  -0.4917190E+00
  0.9388500E+00   0.5410000E-01   0.6400000E-02   0.6500000E-03  -0.2682054E+00
  0.9317000E+00   0.5655000E-01   0.9550000E-02   0.2200000E-02   0.2054682E+01
  0.9365500E+00   0.5295000E-01   0.8500000E-02   0.2000000E-02   0.1443102E+01
  0.9328000E+00   0.5630000E-01   0.8350000E-02   0.2550000E-02   0.1837763E+01
  0.9408500E+00   0.5250000E-01   0.6100000E-02   0.5500000E-03  -0.5236100E-01
  0.9378000E+00   0.5480000E-01   0.6700000E-02   0.7000000E-03   0.4599272E+00
  0.9416500E+00   0.5140000E-01   0.6400000E-02   0.5500000E-03   0.4695960E-01
  0.9393000E+00   0.5390000E-01   0.6150000E-02   0.6500000E-03   0.1351713E-01
  0.9364500E+00   0.5575000E-01   0.6700000E-02   0.1100000E-02  -0.4732298E+00
  0.9392500E+00   0.5355000E-01   0.6400000E-02   0.8000000E-03  -0.8000959E+00
  0.9361500E+00   0.5570000E-01   0.7200000E-02   0.9500000E-03   0.3993626E+00
  0.9429500E+00   0.5055000E-01   0.5800000E-02   0.7000000E-03  -0.1146121E+00
  0.9423000E+00   0.5210000E-01   0.4550000E-02   0.1050000E-02  -0.2960370E+00
  0.9374500E+00   0.5465000E-01   0.6800000E-02   0.1100000E-02   0.4176019E+00
  0.9356500E+00   0.5540000E-01   0.7250000E-02   0.1700000E-02  -0.1275444E+01
  0.9409000E+00   0.5260000E-01   0.5900000E-02   0.6000000E-03  -0.5614427E-01
  0.9410500E+00   0.5170000E-01   0.6500000E-02   0.7500000E-03  -0.1620788E+00
  0.9382500E+00   0.5435000E-01   0.6650000E-02   0.7500000E-03   0.1596798E+00
  0.9381000E+00   0.5355000E-01   0.7650000E-02   0.7000000E-03  -0.4254328E+00
  0.9402000E+00   0.5220000E-01   0.6750000E-02   0.8500000E-03  -0.5044585E+00
  0.9369500E+00   0.5555000E-01   0.6800000E-02   0.7000000E-03  -0.5366284E+00
  0.9378000E+00   0.5425000E-01   0.6950000E-02   0.1000000E-02  -0.4776399E+00
  0.9395000E+00   0.5315000E-01   0.6200000E-02   0.1150000E-02  -0.2468474E+00
  0.9367000E+00   0.5535000E-01   0.6800000E-02   0.1150000E-02  -0.6749675E+00
  0.9388500E+00   0.5335000E-01   0.7050000E-02   0.7500000E-03  -0.3946243E+00
  0.9383000E+00   0.5390000E-01   0.6900000E-02   0.9000000E-03  -0.2275492E+00
  0.9390500E+00   0.5390000E-01   0.6500000E-02   0.5500000E-03  -0.2369678E+00
  0.9372000E+00   0.5620000E-01   0.6000000E-02   0.6000000E-03  -0.2895928E+00
  0.9400500E+00   0.5380000E-01   0.5600000E-02   0.5500000E-03  -0.2314200E+00
  0.9397500E+00   0.5305000E-01   0.6250000E-02   0.9500000E-03   0.9775943E-01
  0.9383500E+00   0.5465000E-01   0.6500000E-02   0.5000000E-03  -0.5605090E+00
  0.9360500E+00   0.5495000E-01   0.7800000E-02   0.1200000E-02  -0.7886708E+00
  0.9406500E+00   0.5305000E-01   0.5600000E-02   0.7000000E-03   0.1027662E+00
  0.9337000E+00   0.5845000E-01   0.7200000E-02   0.6500000E-03  -0.5985951E+00
  0.9415000E+00   0.5120000E-01   0.6600000E-02   0.7000000E-03   0.2977556E+00
  0.9421000E+00   0.5180000E-01   0.5000000E-02   0.1100000E-02   0.9663363E-01
  0.9397000E+00   0.5330000E-01   0.6300000E-02   0.7000000E-03   0.5863408E+00
  0.9351500E+00   0.5700000E-01   0.6850000E-02   0.1000000E-02   0.9497032E+00
  0.9402500E+00   0.5180000E-01   0.6750000E-02   0.1200000E-02   0.7182545E+00
  0.9331000E+00   0.5450000E-01   0.1010000E-01   0.2300000E-02   0.1914576E+01
  0.9338000E+00   0.5590000E-01   0.8100000E-02   0.2200000E-02   0.1536847E+01
  0.9347000E+00   0.5350000E-01   0.9200000E-02   0.2600000E-02   0.1627111E+01
  0.9368000E+00   0.5370000E-01   0.7850000E-02   0.1650000E-02   0.1266247E+01
  0.9354000E+00   0.5745000E-01   0.6050000E-02   0.1100000E-02   0.5554365E+00
  0.9356000E+00   0.5535000E-01   0.7400000E-02   0.1650000E-02   0.9453616E+00
  0.9263000E+00   0.5600000E-01   0.1185000E-01   0.5850000E-02   0.3619913E+01
  0.9419500E+00   0.5155000E-01   0.5700000E-02   0.8000000E-03  -0.4328669E+00
  0.9300500E+00   0.5785000E-01   0.9850000E-02   0.2250000E-02  -0.1706498E+01
  0.9384000E+00   0.5455000E-01   0.6550000E-02   0.5000000E-03   0.1867313E+00
  0.9402000E+00   0.5125000E-01   0.7450000E-02   0.1100000E-02  -0.4200917E+00
  0.9373000E+00   0.5350000E-01   0.7900000E-02   0.1300000E-02  -0.9316272E+00
  0.9373000E+00   0.5325000E-01   0.8000000E-02   0.1450000E-02  -0.1242194E+01
  0.9399500E+00   0.5340000E-01   0.5700000E-02   0.9500000E-03   0.5268963E+00
  0.9369500E+00   0.5435000E-01   0.7500000E-02   0.1200000E-02  -0.8948971E+00
  0.9391500E+00   0.5385000E-01   0.6250000E-02   0.7500000E-03   0.1309585E-01
  0.9404000E+00   0.5225000E-01   0.6350000E-02   0.1000000E-02  -0.4292930E+00
  0.9398500E+00   0.5280000E-01   0.6700000E-02   0.6500000E-03  -0.4505254E+00
  0.9396000E+00   0.5215000E-01   0.7800000E-02   0.4500000E-03  -0.1725764E+00
  0.9401500E+00   0.5260000E-01   0.6300000E-02   0.9500000E-03  -0.3538944E+00
  0.9399500E+00   0.5235000E-01   0.6350000E-02   0.1350000E-02   0.4044485E+00
  0.9324500E+00   0.5600000E-01   0.9450000E-02   0.2100000E-02  -0.1765714E+01
  0.9330000E+00   0.5590000E-01   0.8850000E-02   0.2250000E-02  -0.1783759E+01
  0.9374500E+00   0.5280000E-01   0.8500000E-02   0.1250000E-02   0.1296568E+01
  0.9371000E+00   0.5330000E-01   0.8250000E-02   0.1350000E-02  -0.1263759E+01
  0.9408000E+00   0.5315000E-01   0.5550000E-02   0.5000000E-03  -0.1507515E+00
  0.9383500E+00   0.5385000E-01   0.6750000E-02   0.1050000E-02  -0.3422443E+00
  0.9376500E+00   0.5495000E-01   0.6500000E-02   0.9000000E-03   0.6192511E+00
  0.9416000E+00   0.5190000E-01   0.5900000E-02   0.6000000E-03   0.2628491E+00
  0.9298500E+00   0.5840000E-01   0.9100000E-02   0.2650000E-02   0.2079994E+01
  0.9343000E+00   0.5585000E-01   0.8100000E-02   0.1750000E-02   0.1287300E+01
  0.9406000E+00   0.5235000E-01   0.6400000E-02   0.6500000E-03   0.9944260E-01
  0.9277000E+00   0.5720000E-01   0.1065000E-01   0.4450000E-02   0.2996735E+01
  0.9373000E+00   0.5490000E-01   0.6850000E-02   0.9500000E-03  -0.6252767E+00
  0.9295500E+00   0.5735000E-01   0.1020000E-01   0.2900000E-02  -0.2459714E+01
  0.9395500E+00   0.5365000E-01   0.5950000E-02   0.8500000E-03   0.1997506E+00
  0.9371000E+00   0.5480000E-01   0.7250000E-02   0.8500000E-03  -0.4980413E+00
  0.9371000E+00   0.5470000E-01   0.7100000E-02   0.1100000E-02  -0.6441127E+00
  0.9410500E+00   0.5200000E-01   0.5900000E-02   0.1050000E-02   0.1801508E+00
  0.9393000E+00   0.5340000E-01   0.6550000E-02   0.7500000E-03  -0.6208231E+00
  0.9365500E+00   0.5365000E-01   0.8400000E-02   0.1400000E-02  -0.1075980E+01
  0.9378500E+00   0.5355000E-01   0.7550000E-02   0.1050000E-02  -0.7334307E+00
  0.9375000E+00   0.5405000E-01   0.6700000E-02   0.1750000E-02   0.9278494E+00
  0.9397000E+00   0.5380000E-01   0.5900000E-02   0.6000000E-03  -0.2560196E+00
  0.9414000E+00   0.5115000E-01   0.6900000E-02   0.5500000E-03   0.3562591E+00
  0.9374500E+00   0.5705000E-01   0.5050000E-02   0.4500000E-03  -0.2542395E+00
  0.9411500E+00   0.5275000E-01   0.5300000E-02   0.8000000E-03   0.6936015E-01
  0.9360500E+00   0.5580000E-01   0.7700000E-02   0.4500000E-03   0.3494182E+00
  0.9389000E+00   0.5285000E-01   0.7050000E-02   0.1200000E-02  -0.9326344E+00
  0.9352500E+00   0.5625000E-01   0.7500000E-02   0.1000000E-02  -0.7950031E+00
  0.9366000E+00   0.5410000E-01   0.7600000E-02   0.1700000E-02  -0.1121280E+01
  0.9373000E+00   0.5410000E-01   0.7550000E-02   0.1050000E-02  -0.4463949E+00
  0.9378500E+00   0.5540000E-01   0.5950000E-02   0.8000000E-03   0.9835558E+00
  0.9400000E+00   0.5310000E-01   0.6200000E-02   0.7000000E-03  -0.1277890E+00
  0.9393500E+00   0.5355000E-01   0.6250000E-02   0.8500000E-03   0.3710242E+00
  0.9328000E+00   0.5600000E-01   0.9000000E-02   0.2200000E-02   0.1819235E+01
  0.9382000E+00   0.5285000E-01   0.7850000E-02   0.1100000E-02  -0.5016393E+00
  0.9145000E+00   0.5940000E-01   0.1605000E-01   0.1005000E-01   0.6307715E+01
  0.9371500E+00   0.5550000E-01   0.6300000E-02   0.1050000E-02   0.3540200E+00
  0.9040000E+00   0.6075000E-01   0.1925000E-01   0.1600000E-01   0.9587735E+01
  0.9402500E+00   0.5200000E-01   0.6500000E-02   0.1250000E-02   0.4628389E+00
  0.9337500E+00   0.5730000E-01   0.7850000E-02   0.1100000E-02   0.9852205E+00
  0.9324500E+00   0.5645000E-01   0.8700000E-02   0.2400000E-02   0.2007535E+01
  0.9255500E+00   0.5685000E-01   0.1285000E-01   0.4750000E-02   0.3498370E+01
  0.9268500E+00   0.5740000E-01   0.1155000E-01   0.4200000E-02   0.2956566E+01
  0.9379500E+00   0.5505000E-01   0.6250000E-02   0.7500000E-03   0.3353770E+00
  0.9391500E+00   0.5295000E-01   0.7100000E-02   0.8000000E-03  -0.2523330E+00
  0.9380000E+00   0.5395000E-01   0.6950000E-02   0.1100000E-02  -0.7936909E+00
  0.9412500E+00   0.5270000E-01   0.5150000E-02   0.9000000E-03   0.2348785E-01
  0.9390500E+00   0.5310000E-01   0.6900000E-02   0.9500000E-03   0.4597840E+00
  0.7057000E+00   0.5460000E-01   0.3850000E-01   0.2012000E+00  -0.1131153E+03
  0.9383000E+00   0.5290000E-01   0.7300000E-02   0.1500000E-02   0.1083402E+01
  0.9346000E+00   0.5590000E-01   0.8050000E-02   0.1450000E-02   0.1044334E+01
  0.9359000E+00   0.5555000E-01   0.7350000E-02   0.1200000E-02   0.8687292E+00
  0.9350500E+00   0.5600000E-01   0.7800000E-02   0.1150000E-02   0.1118166E+01
  0.9393000E+00   0.5145000E-01   0.8050000E-02   0.1200000E-02   0.1030314E+01
  0.9387000E+00   0.5425000E-01   0.6650000E-02   0.4000000E-03   0.2091165E+00
  0.9397500E+00   0.5355000E-01   0.6250000E-02   0.4500000E-03   0.3154105E+00
  0.9411500E+00   0.5245000E-01   0.5500000E-02   0.9000000E-03  -0.7393487E-01
  0.9405000E+00   0.5130000E-01   0.7150000E-02   0.1050000E-02   0.1948490E+00
  0.9399500E+00   0.5235000E-01   0.7100000E-02   0.6000000E-03  -0.3975801E+00
  0.9227500E+00   0.5985000E-01   0.1300000E-01   0.4400000E-02   0.3413453E+01
  0.9301000E+00   0.5855000E-01   0.8550000E-02   0.2800000E-02   0.2006308E+01
  0.9416000E+00   0.5115000E-01   0.6300000E-02   0.9500000E-03  -0.2305087E+00
  0.9274000E+00   0.5570000E-01   0.1205000E-01   0.4850000E-02   0.3471582E+01
  0.9367500E+00   0.5485000E-01   0.7350000E-02   0.1050000E-02   0.9436280E+00
  0.9339500E+00   0.5635000E-01   0.8450000E-02   0.1250000E-02   0.1523943E+01
  0.9345000E+00   0.5565000E-01   0.8100000E-02   0.1750000E-02   0.1603892E+01
  0.9400500E+00   0.5245000E-01   0.6750000E-02   0.7500000E-03   0.5383363E+00
  0.9417500E+00   0.5095000E-01   0.6550000E-02   0.7500000E-03   0.5077805E+00
  0.9375000E+00   0.5620000E-01   0.5750000E-02   0.5500000E-03   0.6007793E-01
  0.9399500E+00   0.5350000E-01   0.5600000E-02   0.9500000E-03  -0.3646937E+00
  0.9401500E+00   0.5315000E-01   0.6350000E-02   0.3500000E-03   0.2619661E+00
  0.9329500E+00   0.5835000E-01   0.7600000E-02   0.1100000E-02  -0.7432790E+00
  0.9386500E+00   0.5455000E-01   0.6350000E-02   0.4500000E-03  -0.4117313E+00
  0.9357500E+00   0.5690000E-01   0.6700000E-02   0.6500000E-03   0.1126377E+00
  0.9398500E+00   0.5250000E-01   0.6600000E-02   0.1050000E-02   0.8666382E-02
  0.9406000E+00   0.5105000E-01   0.7400000E-02   0.9500000E-03   0.2691470E+00
  0.9386000E+00   0.5470000E-01   0.6150000E-02   0.5500000E-03  -0.6569136E-02
  0.9383500E+00   0.5465000E-01   0.6250000E-02   0.7500000E-03  -0.5149575E-01
  0.9384000E+00   0.5475000E-01   0.6100000E-02   0.7500000E-03  -0.1262093E+00
  0.9337500E+00   0.5465000E-01   0.9650000E-02   0.1950000E-02  -0.1925590E+01
  0.9379500E+00   0.5390000E-01   0.6750000E-02   0.1400000E-02   0.9074192E+00
  0.9279000E+00   0.5765000E-01   0.1115000E-01   0.3300000E-02  -0.2472678E+01
  0.9330500E+00   0.5730000E-01   0.7950000E-02   0.1700000E-02  -0.1199945E+01
  0.9312500E+00   0.5680000E-01   0.1010000E-01   0.1850000E-02   0.2113525E+01
  0.9397500E+00   0.5205000E-01   0.7250000E-02   0.9500000E-03   0.6828841E+00
  0.9363500E+00   0.5625000E-01   0.6300000E-02   0.1100000E-02   0.8148732E+00
  0.9336000E+00   0.5430000E-01   0.9700000E-02   0.2400000E-02   0.1961303E+01
  0.9365500E+00   0.5475000E-01   0.7100000E-02   0.1600000E-02   0.9887272E+00
  0.9358500E+00   0.5395000E-01   0.8150000E-02   0.2050000E-02  -0.1561681E+01
  0.9349000E+00   0.5710000E-01   0.7050000E-02   0.9500000E-03  -0.7839121E+00
  0.9390000E+00   0.5305000E-01   0.7000000E-02   0.9500000E-03  -0.7181432E+00
  0.9396500E+00   0.5285000E-01   0.6700000E-02   0.8000000E-03   0.3356854E+00
  0.9410500E+00   0.5155000E-01   0.6950000E-02   0.4500000E-03   0.8136020E-01
  0.9367000E+00   0.5430000E-01   0.7800000E-02   0.1200000E-02  -0.1189479E+01
  0.9426500E+00   0.5120000E-01   0.5450000E-02   0.7000000E-03  -0.1614777E+00
  0.9373000E+00   0.5585000E-01   0.6100000E-02   0.7500000E-03  -0.2511950E+00
  0.9388000E+00   0.5465000E-01   0.5650000E-02   0.9000000E-03   0.7108607E+00
  0.9383500E+00   0.5420000E-01   0.6450000E-02   0.1000000E-02  -0.5438578E+00
  0.9370500E+00   0.5530000E-01   0.6550000E-02   0.1100000E-02   0.4952409E-01
  0.9400500E+00   0.5120000E-01   0.7650000E-02   0.1100000E-02   0.6554804E-01
  0.9368500E+00   0.5560000E-01   0.6750000E-02   0.8000000E-03   0.3597290E+00
  0.9382500E+00   0.5460000E-01   0.6400000E-02   0.7500000E-03   0.1571490E+00
  0.9391000E+00   0.5405000E-01   0.6150000E-02   0.7000000E-03  -0.1344437E+00
  0.9388500E+00   0.5340000E-01   0.6700000E-02   0.1050000E-02   0.5314909E+00
  0.9429000E+00   0.4920000E-01   0.7200000E-02   0.7000000E-03  -0.2127718E+00
  0.9393000E+00   0.5425000E-01   0.5600000E-02   0.8500000E-03  -0.4248545E+00
  0.9395500E+00   0.5280000E-01   0.6700000E-02   0.9500000E-03  -0.4011803E+00
  0.9348000E+00   0.5490000E-01   0.8500000E-02   0.1800000E-02  -0.1489375E+01
  0.9424000E+00   0.5050000E-01   0.6450000E-02   0.6500000E-03   0.9837567E-02
  0.9383000E+00   0.5410000E-01   0.6600000E-02   0.1000000E-02  -0.6221213E+00
  0.9358000E+00   0.5575000E-01   0.7300000E-02   0.1150000E-02  -0.6288896E+00
  0.9366000E+00   0.5490000E-01   0.7700000E-02   0.8000000E-03  -0.3500509E+00
  0.9380000E+00   0.5435000E-01   0.6600000E-02   0.1050000E-02  -0.1119782E+01
  0.9374000E+00   0.5495000E-01   0.6300000E-02   0.1350000E-02   0.7864973E+00
  0.9365500E+00   0.5525000E-01   0.6850000E-02   0.1350000E-02   0.7050261E+00
  0.9396000E+00   0.5160000E-01   0.7700000E-02   0.1100000E-02   0.7401482E+00
  0.9395000E+00   0.5345000E-01   0.6200000E-02   0.8500000E-03   0.2972704E-01
  0.9413000E+00   0.5225000E-01   0.5750000E-02   0.7000000E-03  -0.1958171E+00
  0.9081000E+00   0.6005000E-01   0.1990000E-01   0.1195000E-01  -0.7528210E+01
  0.9375500E+00   0.5480000E-01   0.6900000E-02   0.7500000E-03   0.3168042E+00
  0.9382000E+00   0.5455000E-01   0.6150000E-02   0.1100000E-02  -0.6130621E+00
  0.9387000E+00   0.5370000E-01   0.6900000E-02   0.7000000E-03   0.4794124E+00
  0.9399500E+00   0.5350000E-01   0.5950000E-02   0.6000000E-03  -0.4254563E+00
  0.9405000E+00   0.5300000E-01   0.5750000E-02   0.7500000E-03  -0.1536435E+00
  0.9416500E+00   0.5090000E-01   0.6400000E-02   0.1050000E-02   0.5245692E+00
  0.9389000E+00   0.5475000E-01   0.5500000E-02   0.8500000E-03   0.3247877E+00
  0.9369500E+00   0.5455000E-01   0.7600000E-02   0.9000000E-03  -0.7398152E+00
  0.9359000E+00   0.5735000E-01   0.6050000E-02   0.7000000E-03   0.9599048E-01
  0.9430500E+00   0.5050000E-01   0.5800000E-02   0.6500000E-03  -0.6535621E-01
  0.9398500E+00   0.5235000E-01   0.7200000E-02   0.6000000E-03  -0.3453213E+00
  0.9401000E+00   0.5335000E-01   0.5950000E-02   0.6000000E-03  -0.1268723E+00
  0.9374000E+00   0.5560000E-01   0.5950000E-02   0.1050000E-02   0.2031608E+00
  0.9366500E+00   0.5605000E-01   0.6250000E-02   0.1050000E-02   0.5735253E+00
  0.9411500E+00   0.5250000E-01   0.5450000E-02   0.9000000E-03   0.2747068E+00
  0.9398500E+00   0.5320000E-01   0.6200000E-02   0.7500000E-03   0.4814940E+00
  0.9369500E+00   0.5380000E-01   0.8050000E-02   0.1200000E-02   0.1191751E+01
  0.9323000E+00   0.5730000E-01   0.8900000E-02   0.1500000E-02  -0.1405812E+01
  0.9366500E+00   0.5455000E-01   0.7450000E-02   0.1350000E-02  -0.1171449E+01
  0.9367500E+00   0.5405000E-01   0.7300000E-02   0.1900000E-02   0.1212437E+01
  0.9397000E+00   0.5315000E-01   0.6400000E-02   0.7500000E-03  -0.8470700E-01
  0.9375500E+00   0.5590000E-01   0.5900000E-02   0.6500000E-03  -0.2310409E+00
  0.9410000E+00   0.5195000E-01   0.6200000E-02   0.8500000E-03   0.3151118E+00
  0.9409000E+00   0.5160000E-01   0.6550000E-02   0.9500000E-03  -0.4348500E+00
  0.9380000E+00   0.5375000E-01   0.7350000E-02   0.9000000E-03   0.5565170E+00
  0.9356500E+00   0.5455000E-01   0.7850000E-02   0.1950000E-02   0.1506220E+01
  0.9386000E+00   0.5290000E-01   0.7300000E-02   0.1200000E-02  -0.8696725E+00
  0.9413500E+00   0.5290000E-01   0.5250000E-02   0.5000000E-03  -0.2233719E+00
  0.9363500E+00   0.5520000E-01   0.7100000E-02   0.1350000E-02  -0.7530216E+00
  0.9387000E+00   0.5420000E-01   0.6200000E-02   0.9000000E-03  -0.8544944E-01
  0.9406500E+00   0.5250000E-01   0.6150000E-02   0.7000000E-03  -0.2369682E+00
  0.9311500E+00   0.5720000E-01   0.1010000E-01   0.1550000E-02   0.1541936E+01
  0.9367000E+00   0.5575000E-01   0.6750000E-02   0.8000000E-03   0.2191395E+00
  0.9396500E+00   0.5230000E-01   0.7250000E-02   0.8000000E-03   0.4571401E+00
  0.9393000E+00   0.5310000E-01   0.6700000E-02   0.9000000E-03   0.8873281E+00
  0.9389000E+00   0.5375000E-01   0.6500000E-02   0.8500000E-03   0.5226758E+00
  0.9390500E+00   0.5395000E-01   0.6150000E-02   0.8500000E-03   0.7198196E+00
  0.9370500E+00   0.5420000E-01   0.8000000E-02   0.7500000E-03   0.7699352E+00
  0.9393500E+00   0.5330000E-01   0.6900000E-02   0.4500000E-03  -0.1168021E-01
  0.9389500E+00   0.5360000E-01   0.6350000E-02   0.1100000E-02   0.9263085E+00
  0.9240500E+00   0.5750000E-01   0.1290000E-01   0.5550000E-02   0.3738223E+01
  0.9153000E+00   0.5825000E-01   0.1500000E-01   0.1145000E-01  -0.7270783E+01
  0.9371000E+00   0.5465000E-01   0.7250000E-02   0.1000000E-02   0.4711453E+00
  0.9393500E+00   0.5315000E-01   0.6650000E-02   0.8500000E-03   0.5852700E+00
  0.9395500E+00   0.5310000E-01   0.6350000E-02   0.1000000E-02  -0.2168323E+00
  0.4936000E+00   0.4490000E-01   0.4495000E-01   0.4165500E+00  -0.2425938E+03
  0.9347000E+00   0.5250000E-01   0.9900000E-02   0.2900000E-02   0.1942692E+01
  0.9397500E+00   0.5295000E-01   0.6400000E-02   0.9000000E-03   0.2454832E+00
  0.9386000E+00   0.5420000E-01   0.6350000E-02   0.8500000E-03   0.4648278E+00
  0.9346500E+00   0.5520000E-01   0.8500000E-02   0.1650000E-02  -0.1299389E+01
  0.9354500E+00   0.5435000E-01   0.8950000E-02   0.1250000E-02  -0.1153519E+01
  0.9375500E+00   0.5410000E-01   0.7800000E-02   0.5500000E-03   0.6590883E+00
  0.9351500E+00   0.5435000E-01   0.9050000E-02   0.1450000E-02  -0.1457154E+01
  0.9410500E+00   0.5155000E-01   0.6600000E-02   0.8000000E-03  -0.1440059E+00
  0.9306500E+00   0.5645000E-01   0.1030000E-01   0.2600000E-02  -0.2256000E+01
  0.9421000E+00   0.5115000E-01   0.5950000E-02   0.8000000E-03   0.5068369E+00
  0.9397500E+00   0.5350000E-01   0.6150000E-02   0.6000000E-03   0.2093431E+00
  0.9258500E+00   0.5990000E-01   0.1015000E-01   0.4100000E-02  -0.2975390E+01
  0.9378500E+00   0.5505000E-01   0.6450000E-02   0.6500000E-03  -0.9482834E-01
  0.9379500E+00   0.5400000E-01   0.7200000E-02   0.8500000E-03  -0.2603113E+00
  0.9426000E+00   0.5075000E-01   0.6150000E-02   0.5000000E-03  -0.1977883E+00
  0.9360500E+00   0.5525000E-01   0.7900000E-02   0.8000000E-03   0.5150264E+00
  0.9403000E+00   0.5200000E-01   0.6850000E-02   0.8500000E-03   0.2670354E+00
  0.9381000E+00   0.5435000E-01   0.6850000E-02   0.7000000E-03   0.4024719E+00
  0.9363500E+00   0.5540000E-01   0.7150000E-02   0.1100000E-02   0.6661949E+00
  0.9365500E+00   0.5660000E-01   0.6200000E-02   0.6500000E-03   0.3822291E+00
  0.9386000E+00   0.5510000E-01   0.5850000E-02   0.4500000E-03  -0.7420339E-02
  0.9322500E+00   0.5795000E-01   0.8350000E-02   0.1450000E-02  -0.1403863E+01
  0.9369500E+00   0.5565000E-01   0.6800000E-02   0.6000000E-03  -0.6236140E+00
  0.9336000E+00   0.5880000E-01   0.6500000E-02   0.1100000E-02  -0.6576410E+00
  0.9389500E+00   0.5445000E-01   0.5950000E-02   0.6500000E-03   0.1986396E+00
  0.9402500E+00   0.5225000E-01   0.6250000E-02   0.1250000E-02  -0.6599754E+00
  0.9396000E+00   0.5300000E-01   0.6650000E-02   0.7500000E-03  -0.1804524E+00
  0.9364500E+00   0.5530000E-01   0.7250000E-02   0.1000000E-02  -0.2631666E+00
  0.9297000E+00   0.5635000E-01   0.1030000E-01   0.3650000E-02   0.2575496E+01
  0.9364000E+00   0.5550000E-01   0.7200000E-02   0.9000000E-03  -0.8386908E+00
  0.9295500E+00   0.5605000E-01   0.1080000E-01   0.3600000E-02   0.2982289E+01
  0.9340500E+00   0.5555000E-01   0.8400000E-02   0.2000000E-02   0.1401015E+01
  0.9305000E+00   0.5670000E-01   0.1015000E-01   0.2650000E-02   0.2187820E+01
  0.9396500E+00   0.5250000E-01   0.7300000E-02   0.5500000E-03  -0.4870577E+00
  0.9401000E+00   0.5310000E-01   0.6100000E-02   0.7000000E-03   0.1177512E+00
  0.9091500E+00   0.6070000E-01   0.1675000E-01   0.1340000E-01  -0.8340981E+01
  0.9376000E+00   0.5530000E-01   0.6450000E-02   0.6500000E-03  -0.1674800E+00
  0.9390500E+00   0.5250000E-01   0.7500000E-02   0.9500000E-03  -0.6022297E+00
  0.9380000E+00   0.5305000E-01   0.8000000E-02   0.9500000E-03   0.1180408E+01
  0.9414500E+00   0.5055000E-01   0.7000000E-02   0.1000000E-02   0.1811629E+00
  0.9391500E+00   0.5310000E-01   0.6650000E-02   0.1100000E-02  -0.7555211E+00
  0.9373500E+00   0.5500000E-01   0.7000000E-02   0.6500000E-03   0.1882970E+00
  0.9390000E+00   0.5385000E-01   0.6250000E-02   0.9000000E-03  -0.1661671E+00
  0.9362500E+00   0.5425000E-01   0.8350000E-02   0.1150000E-02  -0.1205781E+01
  0.9375500E+00   0.5575000E-01   0.6200000E-02   0.5000000E-03   0.2508559E+00
  0.9337000E+00   0.5450000E-01   0.9650000E-02   0.2150000E-02   0.1932597E+01
  0.9199500E+00   0.5990000E-01   0.1415000E-01   0.6000000E-02   0.4709005E+01
  0.9239500E+00   0.5580000E-01   0.1350000E-01   0.6750000E-02   0.4492887E+01
  0.9363500E+00   0.5465000E-01   0.8050000E-02   0.9500000E-03   0.1120994E+01
  0.9385000E+00   0.5395000E-01   0.6600000E-02   0.9500000E-03   0.1332143E+00
  0.9447000E+00   0.4865000E-01   0.6000000E-02   0.6500000E-03  -0.4001915E+00
  0.9412500E+00   0.5205000E-01   0.6050000E-02   0.6500000E-03  -0.3810986E+00
  0.9359000E+00   0.5480000E-01   0.7150000E-02   0.2150000E-02  -0.1351443E+01
  0.9414000E+00   0.5040000E-01   0.6950000E-02   0.1250000E-02  -0.3755203E+00
  0.9395000E+00   0.5435000E-01   0.5300000E-02   0.8500000E-03  -0.3495079E+00
  0.9377000E+00   0.5515000E-01   0.6250000E-02   0.9000000E-03   0.5941843E+00
  0.9326000E+00   0.5790000E-01   0.7650000E-02   0.1850000E-02   0.1405396E+01
  0.9321500E+00   0.5610000E-01   0.9700000E-02   0.2050000E-02   0.2056803E+01
  0.9282500E+00   0.5610000E-01   0.1250000E-01   0.3150000E-02  -0.2824034E+01
  0.8643000E+00   0.6280000E-01   0.2810000E-01   0.4480000E-01  -0.2526003E+02
  0.9375500E+00   0.5530000E-01   0.6250000E-02   0.9000000E-03  -0.4376684E+00
  0.9327500E+00   0.5530000E-01   0.9550000E-02   0.2400000E-02  -0.1850535E+01
  0.9345000E+00   0.5645000E-01   0.8400000E-02   0.6500000E-03   0.3414760E+00
  0.9369000E+00   0.5380000E-01   0.8000000E-02   0.1300000E-02   0.1025078E+01
  0.9385000E+00   0.5475000E-01   0.6100000E-02   0.6500000E-03   0.1721453E+00
  0.9382500E+00   0.5455000E-01   0.6350000E-02   0.8500000E-03  -0.4579075E-01
  0.9407000E+00   0.5230000E-01   0.6200000E-02   0.8000000E-03   0.1483352E+00
  0.9391500E+00   0.5350000E-01   0.6450000E-02   0.9000000E-03   0.2666812E+00
  0.9407500E+00   0.5160000E-01   0.7050000E-02   0.6000000E-03  -0.8117033E-01
  0.9383500E+00   0.5410000E-01   0.6750000E-02   0.8000000E-03  -0.2150062E+00
  0.9369500E+00   0.5480000E-01   0.7550000E-02   0.7000000E-03  -0.6433152E-02
  0.9379500E+00   0.5415000E-01   0.7200000E-02   0.7000000E-03  -0.3547587E+00
  0.9378000E+00   0.5375000E-01   0.7350000E-02   0.1100000E-02  -0.4559439E-01
  0.9259000E+00   0.5715000E-01   0.1220000E-01   0.4750000E-02  -0.3516448E+01
  0.9395500E+00   0.5315000E-01   0.6600000E-02   0.7000000E-03  -0.2806585E+00
  0.9358000E+00   0.5675000E-01   0.6400000E-02   0.1050000E-02  -0.6649778E+00
  0.9421500E+00   0.5110000E-01   0.6000000E-02   0.7500000E-03   0.1221637E+00
  0.9428500E+00   0.5050000E-01   0.5850000E-02   0.8000000E-03   0.1490552E-01
  0.9396500E+00   0.5285000E-01   0.6600000E-02   0.9000000E-03   0.4767791E+00
  0.9414000E+00   0.5125000E-01   0.6500000E-02   0.8500000E-03  -0.1940163E+00
  0.9403000E+00   0.5220000E-01   0.6750000E-02   0.7500000E-03  -0.1922867E+00
  0.9374000E+00   0.5515000E-01   0.6000000E-02   0.1450000E-02  -0.8391504E+00
  0.8945000E+00   0.6210000E-01   0.2235000E-01   0.2105000E-01  -0.1248255E+02
  0.9273000E+00   0.5860000E-01   0.1040000E-01   0.3700000E-02  -0.3023400E+01
  0.9390500E+00   0.5300000E-01   0.7150000E-02   0.8000000E-03  -0.2909488E+00
  0.9389000E+00   0.5405000E-01   0.6200000E-02   0.8500000E-03  -0.6194093E+00
  0.9349000E+00   0.5610000E-01   0.7950000E-02   0.1050000E-02  -0.1054936E+01
  0.9392000E+00   0.5280000E-01   0.7250000E-02   0.7500000E-03  -0.7842268E+00
  0.9373000E+00   0.5370000E-01   0.8200000E-02   0.8000000E-03  -0.8424544E+00
  0.9381500E+00   0.5465000E-01   0.6350000E-02   0.8500000E-03  -0.7545072E+00
  0.9402500E+00   0.5270000E-01   0.6250000E-02   0.8000000E-03  -0.2077902E+00
  0.9188000E+00   0.5930000E-01   0.1455000E-01   0.7350000E-02   0.5047409E+01
  0.9408500E+00   0.5185000E-01   0.6150000E-02   0.1150000E-02  -0.2183584E+00
  0.9338500E+00   0.5565000E-01   0.8600000E-02   0.1900000E-02   0.1193066E+01
  0.9367500E+00   0.5390000E-01   0.8250000E-02   0.1100000E-02   0.9293711E+00
  0.9399500E+00   0.5200000E-01   0.7150000E-02   0.9000000E-03   0.5381044E+00
  0.9388000E+00   0.5410000E-01   0.5900000E-02   0.1200000E-02   0.4962449E+00
  0.9374000E+00   0.5570000E-01   0.6000000E-02   0.9000000E-03   0.6601382E+00
  0.9404500E+00   0.5265000E-01   0.5900000E-02   0.1000000E-02   0.6118763E+00
  0.9395500E+00   0.5210000E-01   0.7100000E-02   0.1250000E-02   0.8013221E+00
  0.9344500E+00   0.5605000E-01   0.8250000E-02   0.1250000E-02   0.1065545E+01
  0.9392000E+00   0.5340000E-01   0.6700000E-02   0.7000000E-03  -0.2133018E+00
  0.9413500E+00   0.5270000E-01   0.5400000E-02   0.5500000E-03   0.1739510E+00
  0.9365500E+00   0.5450000E-01   0.7300000E-02   0.1650000E-02  -0.1290260E+01
  0.9319500E+00   0.5680000E-01   0.9350000E-02   0.1900000E-02  -0.1566382E+01
  0.9386000E+00   0.5420000E-01   0.6450000E-02   0.7500000E-03   0.3052216E+00
  0.9392500E+00   0.5345000E-01   0.6650000E-02   0.6500000E-03  -0.3936790E-03
  0.9405000E+00   0.5305000E-01   0.5750000E-02   0.7000000E-03  -0.3500408E+00
  0.9390000E+00   0.5395000E-01   0.6350000E-02   0.7000000E-03   0.4311042E+00
  0.9372500E+00   0.5545000E-01   0.6200000E-02   0.1100000E-02   0.7194504E+00
  0.9363500E+00   0.5480000E-01   0.7800000E-02   0.1050000E-02   0.9126270E+00
  0.9338500E+00   0.5690000E-01   0.7700000E-02   0.1550000E-02   0.7889008E+00
  0.9402500E+00   0.5300000E-01   0.6000000E-02   0.7500000E-03   0.2171473E+00
  0.9371000E+00   0.5520000E-01   0.6700000E-02   0.1000000E-02   0.6380343E+00
  0.9409000E+00   0.5180000E-01   0.6550000E-02   0.7500000E-03  -0.5367157E+00
  0.9375000E+00   0.5425000E-01   0.6950000E-02   0.1300000E-02  -0.5291419E+00
  0.9405000E+00   0.5135000E-01   0.7000000E-02   0.1150000E-02  -0.3822443E+00
  0.9394500E+00   0.5265000E-01   0.6650000E-02   0.1250000E-02   0.5205407E+00
  0.9371500E+00   0.5480000E-01   0.6950000E-02   0.1100000E-02   0.5863231E+00
  0.9410500E+00   0.5155000E-01   0.6850000E-02   0.5500000E-03   0.6859950E+00
  0.9366500E+00   0.5545000E-01   0.7000000E-02   0.9000000E-03   0.5240898E+00
  0.9413500E+00   0.5255000E-01   0.5050000E-02   0.1050000E-02  -0.1402965E+00
  0.9376000E+00   0.5480000E-01   0.6850000E-02   0.7500000E-03   0.5367011E+00
  0.9351500E+00   0.5560000E-01   0.7700000E-02   0.1550000E-02  -0.1226636E+01
  0.8776000E+00   0.6005000E-01   0.2880000E-01   0.3355000E-01  -0.1852064E+02
  0.9167000E+00   0.6030000E-01   0.1580000E-01   0.7200000E-02  -0.5295556E+01
  0.8698500E+00   0.6210000E-01   0.2970000E-01   0.3835000E-01  -0.2105386E+02
  0.9367500E+00   0.5550000E-01   0.7000000E-02   0.7500000E-03  -0.7746666E+00
  0.9398500E+00   0.5240000E-01   0.6550000E-02   0.1200000E-02   0.8186517E+00
  0.9386000E+00   0.5495000E-01   0.5950000E-02   0.5000000E-03  -0.2578276E+00
  0.9381000E+00   0.5405000E-01   0.6950000E-02   0.9000000E-03   0.5520319E+00
  0.9371000E+00   0.5350000E-01   0.7950000E-02   0.1450000E-02   0.1080015E+01
  0.9380500E+00   0.5345000E-01   0.7350000E-02   0.1150000E-02   0.5920396E+00
  0.9403500E+00   0.5140000E-01   0.7250000E-02   0.1000000E-02   0.1084639E+01
  0.9387000E+00   0.5370000E-01   0.6600000E-02   0.1000000E-02  -0.3133348E+00
  0.9378000E+00   0.5535000E-01   0.6050000E-02   0.8000000E-03   0.2206379E+00
  0.9401500E+00   0.5370000E-01   0.5550000E-02   0.6000000E-03   0.3238118E+00
  0.9385000E+00   0.5415000E-01   0.6350000E-02   0.1000000E-02  -0.2789476E+00
  0.9327000E+00   0.5540000E-01   0.1000000E-01   0.1900000E-02  -0.1739900E+01
  0.9400000E+00   0.5245000E-01   0.6700000E-02   0.8500000E-03  -0.4996099E-01
  0.9361500E+00   0.5470000E-01   0.8100000E-02   0.1050000E-02  -0.4618350E+00
  0.9302500E+00   0.5745000E-01   0.9500000E-02   0.2800000E-02  -0.2029257E+01
  0.9414500E+00   0.5250000E-01   0.5250000E-02   0.8000000E-03  -0.2876784E+00
  0.9396500E+00   0.5335000E-01   0.6100000E-02   0.9000000E-03   0.1065619E+00
  0.9386000E+00   0.5380000E-01   0.6550000E-02   0.1050000E-02   0.3615143E+00
  0.9407000E+00   0.5230000E-01   0.6300000E-02   0.7000000E-03   0.6409136E+00
  0.9385000E+00   0.5215000E-01   0.8000000E-02   0.1350000E-02   0.9731629E+00
  0.9312000E+00   0.5730000E-01   0.9150000E-02   0.2350000E-02   0.2021466E+01
  0.9304000E+00   0.5655000E-01   0.1065000E-01   0.2400000E-02   0.2515108E+01
  0.9394000E+00   0.5345000E-01   0.6350000E-02   0.8000000E-03   0.3858837E+00
  0.9399500E+00   0.5405000E-01   0.5100000E-02   0.9000000E-03   0.2247065E+00
  0.9397500E+00   0.5310000E-01   0.6400000E-02   0.7500000E-03   0.5113230E-01
  0.9309000E+00   0.5655000E-01   0.1065000E-01   0.1900000E-02   0.2058518E+01
  0.9373500E+00   0.5565000E-01   0.6400000E-02   0.6000000E-03  -0.4780627E+00
  0.9391500E+00   0.5370000E-01   0.6500000E-02   0.6500000E-03  -0.5672091E-01
  0.9394500E+00   0.5425000E-01   0.5500000E-02   0.8000000E-03  -0.6575633E+00
  0.9342500E+00   0.5660000E-01   0.8000000E-02   0.1150000E-02  -0.9131484E+00
  0.9405000E+00   0.5200000E-01   0.6550000E-02   0.9500000E-03  -0.6266034E+00
  0.9402000E+00   0.5330000E-01   0.6150000E-02   0.3500000E-03  -0.4823227E+00
  0.9397000E+00   0.5195000E-01   0.7150000E-02   0.1200000E-02  -0.1001211E+01
  0.9386500E+00   0.5385000E-01   0.6950000E-02   0.5500000E-03   0.3919383E+00
  0.9361000E+00   0.5485000E-01   0.8150000E-02   0.9000000E-03  -0.5769071E+00
  0.9382500E+00   0.5470000E-01   0.6500000E-02   0.5500000E-03   0.3313312E+00
  0.9409000E+00   0.5145000E-01   0.6300000E-02   0.1350000E-02   0.5170810E+00
  0.9397500E+00   0.5245000E-01   0.6750000E-02   0.1050000E-02   0.3219903E+00
  0.9346000E+00   0.5710000E-01   0.7200000E-02   0.1100000E-02  -0.1037753E+01
  0.9385000E+00   0.5415000E-01   0.6500000E-02   0.8500000E-03  -0.3213535E+00
  0.9400000E+00   0.5335000E-01   0.6050000E-02   0.6000000E-03   0.4545288E+00
  0.9394500E+00   0.5345000E-01   0.6300000E-02   0.8000000E-03  -0.2670903E+00
  0.9399000E+00   0.5265000E-01   0.6300000E-02   0.1150000E-02   0.5729237E+00
  0.9412000E+00   0.5245000E-01   0.5700000E-02   0.6500000E-03   0.5906969E-01
  0.9398500E+00   0.5315000E-01   0.6350000E-02   0.6500000E-03   0.3992559E+00
  0.9375500E+00   0.5540000E-01   0.6250000E-02   0.8000000E-03   0.4348982E+00
  0.9416000E+00   0.5130000E-01   0.6300000E-02   0.8000000E-03   0.3567742E+00
  0.9381000E+00   0.5515000E-01   0.6050000E-02   0.7000000E-03   0.4076380E+00
  0.9325000E+00   0.5640000E-01   0.8600000E-02   0.2500000E-02  -0.1762580E+01
  0.9395000E+00   0.5285000E-01   0.7000000E-02   0.6500000E-03  -0.1841903E+00
  0.9384500E+00   0.5340000E-01   0.7000000E-02   0.1150000E-02  -0.5760957E+00
  0.9361500E+00   0.5670000E-01   0.6600000E-02   0.5500000E-03   0.2025548E+00
  0.9411000E+00   0.5065000E-01   0.7350000E-02   0.9000000E-03   0.8858964E-01
  0.9417000E+00   0.5125000E-01   0.6250000E-02   0.8000000E-03   0.1771861E+00
  0.9360500E+00   0.5700000E-01   0.6400000E-02   0.5500000E-03  -0.3076424E+00
  0.9407000E+00   0.5180000E-01   0.6550000E-02   0.9500000E-03  -0.6957027E+00
  0.9379500E+00   0.5405000E-01   0.6950000E-02   0.1050000E-02  -0.5617203E+00
  0.9396500E+00   0.5365000E-01   0.6150000E-02   0.5500000E-03   0.2851352E+00
  0.9400000E+00   0.5220000E-01   0.7150000E-02   0.6500000E-03  -0.2781422E+00
  0.9435000E+00   0.4965000E-01   0.6150000E-02   0.7000000E-03  -0.5522414E-01
  0.9384000E+00   0.5400000E-01   0.6950000E-02   0.6500000E-03  -0.6917449E-01
  0.9369500E+00   0.5580000E-01   0.6500000E-02   0.7500000E-03  -0.3179831E+00
  0.9407500E+00   0.5265000E-01   0.6100000E-02   0.5000000E-03  -0.2532081E+00
  0.9409500E+00   0.5165000E-01   0.6800000E-02   0.6000000E-03  -0.3592223E+00
  0.9380500E+00   0.5460000E-01   0.6650000E-02   0.7000000E-03  -0.5107990E+00
  0.9403500E+00   0.5240000E-01   0.6600000E-02   0.6500000E-03  -0.4057772E+00
  0.9386000E+00   0.5405000E-01   0.6450000E-02   0.9000000E-03  -0.2482056E+00
  0.9405500E+00   0.5225000E-01   0.6450000E-02   0.7500000E-03  -0.2550483E+00
  0.9396000E+00   0.5305000E-01   0.6550000E-02   0.8000000E-03   0.3949914E+00
  0.9392500E+00   0.5455000E-01   0.5450000E-02   0.7500000E-03  -0.4242444E+00
  0.9395500E+00   0.5310000E-01   0.6900000E-02   0.4500000E-03  -0.7514052E-01
  0.9413500E+00   0.5275000E-01   0.5450000E-02   0.4500000E-03   0.3216326E+00
  0.9379000E+00   0.5475000E-01   0.6700000E-02   0.6500000E-03  -0.6132931E+00
  0.9404000E+00   0.5335000E-01   0.5350000E-02   0.9000000E-03  -0.6298405E+00
  0.9395000E+00   0.5400000E-01   0.5700000E-02   0.8000000E-03   0.2841761E+00
  0.9371500E+00   0.5540000E-01   0.6350000E-02   0.1100000E-02   0.1556007E-01
  0.9390000E+00   0.5375000E-01   0.6800000E-02   0.4500000E-03  -0.1638517E+00
  0.9358000E+00   0.5635000E-01   0.6500000E-02   0.1350000E-02  -0.1064272E+01
  0.9380500E+00   0.5430000E-01   0.6500000E-02   0.1150000E-02   0.6558091E+00
  0.9374000E+00   0.5425000E-01   0.7250000E-02   0.1100000E-02   0.1007955E+01
  0.9359500E+00   0.5480000E-01   0.7400000E-02   0.1850000E-02   0.1652239E+01
  0.9389500E+00   0.5285000E-01   0.6900000E-02   0.1300000E-02   0.1132100E+01
  0.9378500E+00   0.5525000E-01   0.6400000E-02   0.5000000E-03   0.1044378E+00
  0.9372000E+00   0.5565000E-01   0.6750000E-02   0.4000000E-03   0.3316763E+00
  0.9421000E+00   0.5130000E-01   0.6100000E-02   0.5000000E-03  -0.9953817E-01
  0.9395500E+00   0.5290000E-01   0.6950000E-02   0.6000000E-03  -0.1333545E+00
  0.9412000E+00   0.5130000E-01   0.6600000E-02   0.9000000E-03   0.5685028E+00
  0.9410500E+00   0.5265000E-01   0.5600000E-02   0.7000000E-03   0.2568807E+00
  0.9396000E+00   0.5300000E-01   0.6600000E-02   0.8000000E-03   0.3226074E+00
  0.9397000E+00   0.5350000E-01   0.6200000E-02   0.6000000E-03   0.3071931E+00
  0.9365500E+00   0.5450000E-01   0.7700000E-02   0.1250000E-02  -0.5519153E+00
  0.9360000E+00   0.5470000E-01   0.7750000E-02   0.1550000E-02  -0.1043037E+01
  0.9385500E+00   0.5270000E-01   0.7300000E-02   0.1450000E-02   0.9614806E+00
  0.9373500E+00   0.5305000E-01   0.7600000E-02   0.2000000E-02   0.1522888E+01
  0.9333500E+00   0.5575000E-01   0.9100000E-02   0.1800000E-02   0.1644846E+01
  0.9342000E+00   0.5455000E-01   0.9000000E-02   0.2250000E-02   0.1967660E+01
  0.9285500E+00   0.5850000E-01   0.1095000E-01   0.2000000E-02   0.1937830E+01
  0.9372500E+00   0.5415000E-01   0.7150000E-02   0.1450000E-02   0.1224756E+01
  0.9381000E+00   0.5315000E-01   0.7550000E-02   0.1200000E-02   0.9993620E+00
  0.9365500E+00   0.5385000E-01   0.7750000E-02   0.1850000E-02   0.1183403E+01
  0.9395000E+00   0.5330000E-01   0.6550000E-02   0.6500000E-03   0.6511688E+00
  0.9387000E+00   0.5325000E-01   0.6850000E-02   0.1200000E-02   0.5994013E+00
  0.9329000E+00   0.5565000E-01   0.8900000E-02   0.2550000E-02   0.2061896E+01
  0.9410500E+00   0.5100000E-01   0.6950000E-02   0.1000000E-02  -0.3266500E+00
  0.9334000E+00   0.5805000E-01   0.7650000E-02   0.9000000E-03   0.1008479E+01
  0.9354000E+00   0.5430000E-01   0.8450000E-02   0.1850000E-02   0.1537889E+01
  0.9295500E+00   0.5910000E-01   0.9500000E-02   0.1850000E-02   0.1896091E+01
  0.9388500E+00   0.5315000E-01   0.7000000E-02   0.1000000E-02   0.6015210E+00
  0.9389500E+00   0.5255000E-01   0.7750000E-02   0.7500000E-03   0.8343704E+00
  0.9382000E+00   0.5350000E-01   0.7200000E-02   0.1100000E-02   0.5180786E+00
  0.9379500E+00   0.5445000E-01   0.6850000E-02   0.7500000E-03  -0.3251649E+00
  0.9401500E+00   0.5225000E-01   0.6650000E-02   0.9500000E-03   0.4198825E+00
  0.9359000E+00   0.5535000E-01   0.7550000E-02   0.1200000E-02   0.9263387E+00
  0.9368000E+00   0.5515000E-01   0.7000000E-02   0.1050000E-02   0.8748690E+00
  0.9410000E+00   0.5210000E-01   0.6450000E-02   0.4500000E-03   0.1292075E+00
  0.9378500E+00   0.5330000E-01   0.7800000E-02   0.1050000E-02   0.8259433E+00
  0.9398000E+00   0.5225000E-01   0.6900000E-02   0.1050000E-02   0.9197435E+00
  0.9360500E+00   0.5630000E-01   0.6600000E-02   0.1050000E-02  -0.4335710E+00
  0.9364500E+00   0.5600000E-01   0.6650000E-02   0.9000000E-03  -0.2698880E+00
