           PIP1            PIP2            PIP3            PIP4           alpha
  0.9449500E+00   0.4810000E-01   0.5950000E-02   0.1000000E-02  -0.1974778E+00
  0.9401000E+00   0.5040000E-01   0.7750000E-02   0.1750000E-02   0.1033889E+01
  0.9408500E+00   0.4790000E-01   0.8850000E-02   0.2400000E-02   0.1749441E+01
  0.9446000E+00   0.4905000E-01   0.5600000E-02   0.7500000E-03   0.9075733E-02
  0.9459500E+00   0.4720000E-01   0.5900000E-02   0.9500000E-03   0.1825202E+00
  0.9476000E+00   0.4605000E-01   0.5800000E-02   0.5500000E-03   0.4058777E+00
  0.9460000E+00   0.4775000E-01   0.5600000E-02   0.6500000E-03  -0.3279915E+00
  0.9439500E+00   0.4910000E-01   0.6000000E-02   0.9500000E-03  -0.5544393E+00
  0.9493500E+00   0.4555000E-01   0.4400000E-02   0.7000000E-03  -0.1133428E+00
  0.9469000E+00   0.4665000E-01   0.5550000E-02   0.9000000E-03   0.5371920E+00
  0.9437500E+00   0.4945000E-01   0.6050000E-02   0.7500000E-03   0.3898326E+00
  0.9410500E+00   0.4840000E-01   0.8950000E-02   0.1600000E-02   0.1288631E+01
  0.9412500E+00   0.4780000E-01   0.9000000E-02   0.1950000E-02  -0.1582114E+01
  0.9417000E+00   0.4840000E-01   0.8150000E-02   0.1750000E-02  -0.1049809E+01
  0.9438000E+00   0.4690000E-01   0.7800000E-02   0.1500000E-02  -0.1155016E+01
  0.9462500E+00   0.4710000E-01   0.5750000E-02   0.9000000E-03   0.7695203E-01
  0.9429500E+00   0.4925000E-01   0.6950000E-02   0.8500000E-03   0.2397854E-01
  0.9462000E+00   0.4765000E-01   0.5550000E-02   0.6000000E-03  -0.3138729E+00
  0.9461000E+00   0.4760000E-01   0.5600000E-02   0.7000000E-03  -0.1588451E+00
  0.9473000E+00   0.4540000E-01   0.6400000E-02   0.9000000E-03  -0.5575877E+00
  0.9454500E+00   0.4760000E-01   0.5900000E-02   0.1050000E-02  -0.3053460E+00
  0.9396500E+00   0.5020000E-01   0.7850000E-02   0.2300000E-02  -0.1409586E+01
  0.9434000E+00   0.4800000E-01   0.7100000E-02   0.1500000E-02  -0.1028691E+01
  0.9452500E+00   0.4815000E-01   0.5900000E-02   0.7000000E-03  -0.9551767E-01
  0.9462000E+00   0.4735000E-01   0.5950000E-02   0.5000000E-03  -0.1798459E+00
  0.9414500E+00   0.4980000E-01   0.7350000E-02   0.1400000E-02  -0.9666925E+00
  0.9446500E+00   0.4870000E-01   0.5900000E-02   0.7500000E-03  -0.5317791E+00
  0.9470000E+00   0.4615000E-01   0.6150000E-02   0.7000000E-03  -0.7442187E-01
  0.9385500E+00   0.4985000E-01   0.9000000E-02   0.2600000E-02   0.1946722E+01
  0.9390000E+00   0.5030000E-01   0.8500000E-02   0.2200000E-02   0.1846290E+01
  0.9383500E+00   0.5040000E-01   0.9250000E-02   0.2000000E-02   0.1759289E+01
  0.9462000E+00   0.4775000E-01   0.5150000E-02   0.9000000E-03  -0.7048237E-01
  0.9448500E+00   0.4910000E-01   0.5200000E-02   0.8500000E-03   0.5355805E-01
  0.9459000E+00   0.4765000E-01   0.5850000E-02   0.6000000E-03  -0.1323849E+00
  0.9450500E+00   0.4915000E-01   0.5150000E-02   0.6500000E-03  -0.1219539E+00
  0.9471000E+00   0.4665000E-01   0.5350000E-02   0.9000000E-03  -0.4016869E+00
  0.9443000E+00   0.4960000E-01   0.5550000E-02   0.5500000E-03  -0.6867256E+00
  0.9476500E+00   0.4635000E-01   0.5150000E-02   0.8500000E-03   0.3619979E+00
  0.9461000E+00   0.4820000E-01   0.4900000E-02   0.8000000E-03  -0.2690506E+00
  0.9475500E+00   0.4625000E-01   0.5050000E-02   0.1150000E-02  -0.4362750E+00
  0.9458000E+00   0.4645000E-01   0.6900000E-02   0.8500000E-03   0.2475656E+00
  0.9428000E+00   0.4875000E-01   0.7100000E-02   0.1350000E-02  -0.1042732E+01
  0.9458000E+00   0.4800000E-01   0.5600000E-02   0.6000000E-03  -0.1400691E+00
  0.9466000E+00   0.4650000E-01   0.5950000E-02   0.9500000E-03  -0.2403832E+00
  0.9463000E+00   0.4685000E-01   0.6350000E-02   0.5000000E-03   0.1764359E+00
  0.9434500E+00   0.4985000E-01   0.5950000E-02   0.7500000E-03  -0.4524458E+00
  0.9452000E+00   0.4765000E-01   0.6300000E-02   0.8500000E-03  -0.5415010E+00
  0.9450000E+00   0.4675000E-01   0.7400000E-02   0.8500000E-03  -0.5831485E+00
  0.9474500E+00   0.4700000E-01   0.4750000E-02   0.8000000E-03  -0.2855803E+00
  0.9442500E+00   0.4905000E-01   0.5650000E-02   0.1050000E-02  -0.2476497E+00
  0.9464000E+00   0.4685000E-01   0.6000000E-02   0.7500000E-03  -0.5308296E+00
  0.9460500E+00   0.4735000E-01   0.5750000E-02   0.8500000E-03  -0.4694353E+00
  0.9465500E+00   0.4690000E-01   0.5650000E-02   0.9000000E-03  -0.2587623E+00
  0.9457000E+00   0.4655000E-01   0.6400000E-02   0.1350000E-02  -0.3715054E+00
  0.9441500E+00   0.4880000E-01   0.6200000E-02   0.8500000E-03  -0.4813772E+00
  0.9452500E+00   0.4705000E-01   0.6350000E-02   0.1350000E-02  -0.3110148E+00
  0.9458500E+00   0.4755000E-01   0.5600000E-02   0.1000000E-02   0.2373043E+00
  0.9446500E+00   0.4770000E-01   0.6600000E-02   0.1050000E-02  -0.3987749E+00
  0.9437500E+00   0.4835000E-01   0.6650000E-02   0.1250000E-02  -0.6992636E+00
  0.9464000E+00   0.4740000E-01   0.5400000E-02   0.8000000E-03   0.9102567E-01
  0.9449500E+00   0.4740000E-01   0.7000000E-02   0.6500000E-03  -0.3614599E+00
  0.9469000E+00   0.4730000E-01   0.5150000E-02   0.6500000E-03   0.2188315E+00
  0.9450500E+00   0.4845000E-01   0.5750000E-02   0.7500000E-03  -0.3776630E-01
  0.9466500E+00   0.4670000E-01   0.5950000E-02   0.7000000E-03   0.3468307E+00
  0.9470000E+00   0.4640000E-01   0.6000000E-02   0.6000000E-03   0.6190749E+00
  0.9466000E+00   0.4650000E-01   0.5900000E-02   0.1000000E-02   0.5151125E+00
  0.9390000E+00   0.4855000E-01   0.9500000E-02   0.2950000E-02   0.1990634E+01
  0.9414000E+00   0.4985000E-01   0.6750000E-02   0.2000000E-02   0.1250700E+01
  0.9408000E+00   0.4905000E-01   0.7800000E-02   0.2350000E-02   0.1705405E+01
  0.9406500E+00   0.5030000E-01   0.7750000E-02   0.1300000E-02   0.1302402E+01
  0.9414000E+00   0.5070000E-01   0.6450000E-02   0.1450000E-02   0.6985144E+00
  0.9404000E+00   0.5140000E-01   0.6750000E-02   0.1450000E-02   0.9638885E+00
  0.9300500E+00   0.5240000E-01   0.1085000E-01   0.6700000E-02   0.3869309E+01
  0.9443000E+00   0.4865000E-01   0.6050000E-02   0.1000000E-02  -0.4025347E+00
  0.9377000E+00   0.5115000E-01   0.8700000E-02   0.2450000E-02  -0.1768801E+01
  0.9469500E+00   0.4665000E-01   0.5450000E-02   0.9500000E-03   0.6123023E-01
  0.9479000E+00   0.4505000E-01   0.6200000E-02   0.8500000E-03  -0.2368814E+00
  0.9420000E+00   0.4945000E-01   0.7150000E-02   0.1400000E-02  -0.9993968E+00
  0.9387500E+00   0.5175000E-01   0.7600000E-02   0.1900000E-02  -0.1509934E+01
  0.9483000E+00   0.4540000E-01   0.5200000E-02   0.1100000E-02   0.3925777E+00
  0.9437000E+00   0.4775000E-01   0.7000000E-02   0.1550000E-02  -0.7714840E+00
  0.9450000E+00   0.4855000E-01   0.5550000E-02   0.9000000E-03   0.1992086E-01
  0.9428000E+00   0.5050000E-01   0.6200000E-02   0.5000000E-03  -0.3499249E+00
  0.9465500E+00   0.4715000E-01   0.5600000E-02   0.7000000E-03  -0.3434243E+00
  0.9488000E+00   0.4470000E-01   0.5650000E-02   0.8500000E-03  -0.9501007E-01
  0.9464000E+00   0.4720000E-01   0.5500000E-02   0.9000000E-03  -0.4955084E+00
  0.9454000E+00   0.4755000E-01   0.6350000E-02   0.7000000E-03   0.3316714E+00
  0.9380500E+00   0.5100000E-01   0.8800000E-02   0.2150000E-02  -0.1607816E+01
  0.9376000E+00   0.5165000E-01   0.8400000E-02   0.2350000E-02  -0.1587254E+01
  0.9411500E+00   0.5020000E-01   0.6650000E-02   0.2000000E-02   0.1213905E+01
  0.9414000E+00   0.4845000E-01   0.8000000E-02   0.2150000E-02  -0.1467452E+01
  0.9455000E+00   0.4795000E-01   0.5550000E-02   0.1000000E-02  -0.4019067E+00
  0.9416000E+00   0.5105000E-01   0.6100000E-02   0.1250000E-02  -0.3800009E+00
  0.9457000E+00   0.4745000E-01   0.6200000E-02   0.6500000E-03   0.4245765E+00
  0.9454000E+00   0.4720000E-01   0.6500000E-02   0.9000000E-03   0.3236382E+00
  0.9368000E+00   0.5140000E-01   0.8650000E-02   0.3150000E-02   0.2243346E+01
  0.9436000E+00   0.4625000E-01   0.8650000E-02   0.1500000E-02   0.1332657E+01
  0.9437000E+00   0.4900000E-01   0.6600000E-02   0.7000000E-03   0.2419373E+00
  0.9377500E+00   0.4770000E-01   0.1065000E-01   0.3900000E-02   0.2892561E+01
  0.9470500E+00   0.4600000E-01   0.5950000E-02   0.1000000E-02  -0.4424883E+00
  0.9377000E+00   0.4925000E-01   0.9950000E-02   0.3100000E-02  -0.2352907E+01
  0.9457500E+00   0.4630000E-01   0.7100000E-02   0.8500000E-03   0.2253016E+00
  0.9455500E+00   0.4675000E-01   0.6700000E-02   0.1000000E-02  -0.5090643E+00
  0.9458500E+00   0.4720000E-01   0.6100000E-02   0.8500000E-03  -0.6353258E+00
  0.9444500E+00   0.4845000E-01   0.6100000E-02   0.1000000E-02   0.2926222E+00
  0.9449500E+00   0.4810000E-01   0.6150000E-02   0.8000000E-03  -0.6277766E+00
  0.9433000E+00   0.4745000E-01   0.7950000E-02   0.1300000E-02  -0.1107634E+01
  0.9465500E+00   0.4600000E-01   0.6050000E-02   0.1400000E-02  -0.8776453E+00
  0.9418000E+00   0.5090000E-01   0.6250000E-02   0.1050000E-02   0.9126089E+00
  0.9426000E+00   0.5020000E-01   0.6200000E-02   0.1000000E-02  -0.2694853E+00
  0.9461000E+00   0.4680000E-01   0.6000000E-02   0.1100000E-02   0.4203039E+00
  0.9491000E+00   0.4490000E-01   0.5000000E-02   0.1000000E-02  -0.4465891E+00
  0.9464500E+00   0.4695000E-01   0.5500000E-02   0.1100000E-02  -0.4330880E-01
  0.9470000E+00   0.4580000E-01   0.6200000E-02   0.1000000E-02   0.4258851E+00
  0.9480000E+00   0.4510000E-01   0.5800000E-02   0.1100000E-02  -0.9100365E+00
  0.9426500E+00   0.4950000E-01   0.6400000E-02   0.1450000E-02  -0.7646572E+00
  0.9434500E+00   0.4755000E-01   0.7450000E-02   0.1550000E-02  -0.1111192E+01
  0.9457000E+00   0.4810000E-01   0.5550000E-02   0.6500000E-03  -0.3373265E+00
  0.9430000E+00   0.4930000E-01   0.6350000E-02   0.1350000E-02   0.9815602E+00
  0.9440000E+00   0.4950000E-01   0.5550000E-02   0.9500000E-03  -0.1796596E+00
  0.9486500E+00   0.4555000E-01   0.5200000E-02   0.6000000E-03   0.3103531E+00
  0.9389000E+00   0.5095000E-01   0.8300000E-02   0.1850000E-02   0.1579360E+01
  0.9449500E+00   0.4795000E-01   0.5900000E-02   0.1200000E-02  -0.4249407E+00
  0.9215000E+00   0.5345000E-01   0.1475000E-01   0.1030000E-01   0.5927215E+01
  0.9451500E+00   0.4855000E-01   0.5500000E-02   0.8000000E-03   0.4074149E+00
  0.9143000E+00   0.5040000E-01   0.1820000E-01   0.1710000E-01   0.9513749E+01
  0.9455000E+00   0.4660000E-01   0.6750000E-02   0.1150000E-02   0.6382061E+00
  0.9429000E+00   0.4870000E-01   0.7000000E-02   0.1400000E-02   0.1050877E+01
  0.9341000E+00   0.5320000E-01   0.8950000E-02   0.3750000E-02   0.2303637E+01
  0.9337000E+00   0.4890000E-01   0.1225000E-01   0.5150000E-02   0.3482348E+01
  0.9323500E+00   0.5210000E-01   0.1040000E-01   0.5150000E-02   0.3169984E+01
  0.9476500E+00   0.4605000E-01   0.5250000E-02   0.1050000E-02   0.3327377E+00
  0.9450000E+00   0.4710000E-01   0.7100000E-02   0.8000000E-03  -0.3133526E+00
  0.9461500E+00   0.4640000E-01   0.6600000E-02   0.8500000E-03  -0.6674034E+00
  0.9463000E+00   0.4745000E-01   0.5600000E-02   0.6500000E-03  -0.3719531E-01
  0.9454500E+00   0.4755000E-01   0.6550000E-02   0.4500000E-03   0.3577805E+00
  0.6995000E+00   0.4820000E-01   0.3655000E-01   0.2157500E+00  -0.1191501E+03
  0.9404500E+00   0.5070000E-01   0.7200000E-02   0.1650000E-02   0.1091678E+01
  0.9439000E+00   0.4675000E-01   0.7800000E-02   0.1550000E-02   0.1013759E+01
  0.9432500E+00   0.4910000E-01   0.6600000E-02   0.1050000E-02   0.9647571E+00
  0.9420500E+00   0.4960000E-01   0.7200000E-02   0.1150000E-02   0.9688165E+00
  0.9417500E+00   0.4905000E-01   0.7700000E-02   0.1500000E-02   0.1029588E+01
  0.9449500E+00   0.4840000E-01   0.5850000E-02   0.8000000E-03   0.9185778E-01
  0.9448000E+00   0.4835000E-01   0.5950000E-02   0.9000000E-03   0.3475091E+00
  0.9460500E+00   0.4800000E-01   0.5250000E-02   0.7000000E-03  -0.1250110E+00
  0.9445000E+00   0.4815000E-01   0.6150000E-02   0.1200000E-02   0.1962230E+00
  0.9449500E+00   0.4760000E-01   0.6750000E-02   0.7000000E-03  -0.3320165E+00
  0.9328000E+00   0.5070000E-01   0.1165000E-01   0.4850000E-02   0.3394658E+01
  0.9381000E+00   0.4970000E-01   0.8600000E-02   0.3600000E-02   0.2190726E+01
  0.9466500E+00   0.4690000E-01   0.5150000E-02   0.1300000E-02  -0.1293683E+00
  0.9329000E+00   0.5180000E-01   0.1115000E-01   0.4150000E-02   0.3265395E+01
  0.9429000E+00   0.4920000E-01   0.6450000E-02   0.1450000E-02   0.1085339E+01
  0.9436000E+00   0.4860000E-01   0.5900000E-02   0.1900000E-02   0.1295708E+01
  0.9397500E+00   0.5060000E-01   0.8100000E-02   0.1550000E-02   0.1306598E+01
  0.9445500E+00   0.4915000E-01   0.5400000E-02   0.9000000E-03   0.3876117E+00
  0.9468000E+00   0.4605000E-01   0.6300000E-02   0.8500000E-03   0.4089890E+00
  0.9495500E+00   0.4410000E-01   0.5700000E-02   0.6500000E-03   0.6886571E-01
  0.9473500E+00   0.4575000E-01   0.5950000E-02   0.9500000E-03  -0.3650183E+00
  0.9488500E+00   0.4540000E-01   0.5000000E-02   0.7500000E-03   0.1849832E+00
  0.9438000E+00   0.4845000E-01   0.6450000E-02   0.1300000E-02  -0.7081501E+00
  0.9457500E+00   0.4825000E-01   0.5000000E-02   0.1000000E-02  -0.3237669E+00
  0.9465000E+00   0.4770000E-01   0.5150000E-02   0.6500000E-03   0.5595713E-01
  0.9480000E+00   0.4650000E-01   0.4500000E-02   0.1000000E-02  -0.2402603E+00
  0.9478000E+00   0.4595000E-01   0.5750000E-02   0.5000000E-03   0.2250663E+00
  0.9442000E+00   0.4885000E-01   0.6050000E-02   0.9000000E-03  -0.1454351E+00
  0.9454000E+00   0.4790000E-01   0.5750000E-02   0.9500000E-03  -0.2434241E+00
  0.9444500E+00   0.4920000E-01   0.5750000E-02   0.6000000E-03  -0.2253138E+00
  0.9392000E+00   0.5070000E-01   0.7700000E-02   0.2400000E-02  -0.1603284E+01
  0.9436000E+00   0.4920000E-01   0.5750000E-02   0.1450000E-02   0.8287580E+00
  0.9369000E+00   0.5025000E-01   0.9650000E-02   0.3200000E-02  -0.2315581E+01
  0.9426000E+00   0.4850000E-01   0.7100000E-02   0.1800000E-02  -0.1058705E+01
  0.9370000E+00   0.5185000E-01   0.9150000E-02   0.2000000E-02   0.1848757E+01
  0.9484500E+00   0.4505000E-01   0.5500000E-02   0.1000000E-02   0.5043843E+00
  0.9457000E+00   0.4690000E-01   0.6150000E-02   0.1250000E-02   0.7660859E+00
  0.9403500E+00   0.4930000E-01   0.8000000E-02   0.2350000E-02   0.1609133E+01
  0.9444000E+00   0.4790000E-01   0.6600000E-02   0.1100000E-02   0.7070029E+00
  0.9411500E+00   0.4990000E-01   0.6200000E-02   0.2750000E-02  -0.1598303E+01
  0.9399000E+00   0.5115000E-01   0.7450000E-02   0.1500000E-02  -0.7922084E+00
  0.9450000E+00   0.4725000E-01   0.6800000E-02   0.9500000E-03  -0.7778414E+00
  0.9464500E+00   0.4675000E-01   0.5700000E-02   0.1100000E-02   0.3354832E+00
  0.9469000E+00   0.4690000E-01   0.5150000E-02   0.1050000E-02   0.1666063E+00
  0.9388000E+00   0.5155000E-01   0.7950000E-02   0.1700000E-02  -0.1289621E+01
  0.9463000E+00   0.4680000E-01   0.6300000E-02   0.6000000E-03  -0.2671569E+00
  0.9452000E+00   0.4825000E-01   0.5900000E-02   0.6500000E-03  -0.3057092E+00
  0.9444500E+00   0.4985000E-01   0.5250000E-02   0.4500000E-03   0.5631306E+00
  0.9422500E+00   0.4985000E-01   0.6800000E-02   0.1100000E-02  -0.6578657E+00
  0.9443500E+00   0.4865000E-01   0.6400000E-02   0.6000000E-03  -0.6780217E-01
  0.9485500E+00   0.4570000E-01   0.5000000E-02   0.7500000E-03   0.2015328E-01
  0.9477500E+00   0.4525000E-01   0.6000000E-02   0.1000000E-02   0.1040176E+00
  0.9444000E+00   0.4885000E-01   0.5800000E-02   0.9500000E-03   0.1259631E+00
  0.9468500E+00   0.4685000E-01   0.5600000E-02   0.7000000E-03  -0.4884045E-01
  0.9435500E+00   0.4865000E-01   0.6700000E-02   0.1100000E-02   0.5358688E+00
  0.9411500E+00   0.5100000E-01   0.6850000E-02   0.1000000E-02  -0.1644799E+00
  0.9453500E+00   0.4755000E-01   0.5950000E-02   0.1150000E-02  -0.2279732E+00
  0.9466000E+00   0.4645000E-01   0.6500000E-02   0.4500000E-03  -0.2599405E+00
  0.9423500E+00   0.4965000E-01   0.6600000E-02   0.1400000E-02  -0.1198407E+01
  0.9463000E+00   0.4590000E-01   0.7200000E-02   0.6000000E-03   0.8588228E-03
  0.9445000E+00   0.4830000E-01   0.6000000E-02   0.1200000E-02  -0.6693988E+00
  0.9463000E+00   0.4655000E-01   0.6450000E-02   0.7000000E-03  -0.4303376E+00
  0.9435000E+00   0.4910000E-01   0.6700000E-02   0.7000000E-03  -0.3715571E+00
  0.9430500E+00   0.4970000E-01   0.5800000E-02   0.1450000E-02  -0.1039752E+01
  0.9430000E+00   0.4950000E-01   0.6400000E-02   0.1100000E-02   0.6255872E+00
  0.9438000E+00   0.4925000E-01   0.6000000E-02   0.9500000E-03   0.7370045E+00
  0.9453500E+00   0.4775000E-01   0.5950000E-02   0.9500000E-03   0.5674382E+00
  0.9445500E+00   0.4825000E-01   0.6350000E-02   0.8500000E-03   0.2572718E+00
  0.9471500E+00   0.4655000E-01   0.5400000E-02   0.9000000E-03  -0.6861605E-02
  0.9190000E+00   0.5165000E-01   0.1635000E-01   0.1300000E-01  -0.7609131E+01
  0.9456500E+00   0.4735000E-01   0.6000000E-02   0.1000000E-02   0.3117193E+00
  0.9447000E+00   0.4800000E-01   0.6450000E-02   0.8500000E-03  -0.5660772E+00
  0.9460000E+00   0.4735000E-01   0.5650000E-02   0.1000000E-02   0.3779055E+00
  0.9429500E+00   0.5000000E-01   0.6150000E-02   0.9000000E-03  -0.4678150E+00
  0.9460000E+00   0.4775000E-01   0.5550000E-02   0.7000000E-03  -0.1716542E+00
  0.9455000E+00   0.4770000E-01   0.5850000E-02   0.9500000E-03   0.4029623E+00
  0.9467500E+00   0.4705000E-01   0.5550000E-02   0.6500000E-03   0.2706702E+00
  0.9456000E+00   0.4695000E-01   0.6650000E-02   0.8000000E-03  -0.7566045E+00
  0.9460000E+00   0.4685000E-01   0.6500000E-02   0.6500000E-03   0.1092088E+00
  0.9460500E+00   0.4860000E-01   0.4600000E-02   0.7500000E-03   0.1262011E+00
  0.9410000E+00   0.5200000E-01   0.6050000E-02   0.9500000E-03  -0.2005552E+00
  0.9451000E+00   0.4905000E-01   0.5100000E-02   0.7500000E-03  -0.7961437E-01
  0.9435500E+00   0.5000000E-01   0.6000000E-02   0.4500000E-03   0.1758840E+00
  0.9459500E+00   0.4720000E-01   0.6350000E-02   0.5000000E-03   0.3872464E+00
  0.9443500E+00   0.4895000E-01   0.5850000E-02   0.8500000E-03   0.2965309E+00
  0.9463000E+00   0.4670000E-01   0.6050000E-02   0.9500000E-03   0.3266989E+00
  0.9457000E+00   0.4565000E-01   0.7150000E-02   0.1500000E-02   0.1056605E+01
  0.9380000E+00   0.5185000E-01   0.7750000E-02   0.2400000E-02  -0.1651861E+01
  0.9415500E+00   0.4925000E-01   0.8250000E-02   0.9500000E-03  -0.1100689E+01
  0.9437500E+00   0.4675000E-01   0.7950000E-02   0.1550000E-02   0.1146478E+01
  0.9447500E+00   0.4815000E-01   0.6450000E-02   0.6500000E-03  -0.7781147E-01
  0.9455000E+00   0.4700000E-01   0.6700000E-02   0.8000000E-03  -0.3934754E+00
  0.9444000E+00   0.4850000E-01   0.6250000E-02   0.8500000E-03   0.2731781E+00
  0.9441500E+00   0.4880000E-01   0.6100000E-02   0.9500000E-03  -0.4382337E+00
  0.9443000E+00   0.4870000E-01   0.6250000E-02   0.7500000E-03   0.4162303E+00
  0.9383000E+00   0.5195000E-01   0.8150000E-02   0.1600000E-02   0.1531217E+01
  0.9462500E+00   0.4685000E-01   0.5750000E-02   0.1150000E-02  -0.8428369E+00
  0.9462500E+00   0.4670000E-01   0.5950000E-02   0.1100000E-02  -0.2501349E+00
  0.9443000E+00   0.4855000E-01   0.6150000E-02   0.1000000E-02  -0.7794007E+00
  0.9451500E+00   0.4860000E-01   0.5550000E-02   0.7000000E-03  -0.1576104E-01
  0.9455500E+00   0.4790000E-01   0.5800000E-02   0.7500000E-03  -0.1717550E+00
  0.9423500E+00   0.4825000E-01   0.7700000E-02   0.1700000E-02   0.1441932E+01
  0.9471000E+00   0.4615000E-01   0.5700000E-02   0.1050000E-02   0.2330034E+00
  0.9448000E+00   0.4785000E-01   0.6400000E-02   0.9500000E-03   0.4679958E+00
  0.9465000E+00   0.4670000E-01   0.5400000E-02   0.1400000E-02   0.8923145E+00
  0.9426500E+00   0.5000000E-01   0.6350000E-02   0.1000000E-02   0.5501121E+00
  0.9476500E+00   0.4480000E-01   0.6550000E-02   0.1000000E-02   0.7451300E+00
  0.9431500E+00   0.4930000E-01   0.6700000E-02   0.8500000E-03   0.5273683E+00
  0.9446500E+00   0.4875000E-01   0.6050000E-02   0.5500000E-03   0.1165418E+00
  0.9453000E+00   0.4665000E-01   0.7000000E-02   0.1050000E-02   0.8459301E+00
  0.9273000E+00   0.5400000E-01   0.1255000E-01   0.6150000E-02   0.4005947E+01
  0.9253000E+00   0.4850000E-01   0.1375000E-01   0.1245000E-01  -0.6960946E+01
  0.9435000E+00   0.4825000E-01   0.7350000E-02   0.9000000E-03   0.5426221E+00
  0.9407000E+00   0.5160000E-01   0.6450000E-02   0.1250000E-02   0.6458720E+00
  0.9480500E+00   0.4585000E-01   0.5450000E-02   0.6500000E-03  -0.1075518E+00
  0.4753000E+00   0.3425000E-01   0.4080000E-01   0.4496500E+00  -0.2599053E+03
  0.9403500E+00   0.4930000E-01   0.8350000E-02   0.2000000E-02   0.1624549E+01
  0.9468000E+00   0.4700000E-01   0.5350000E-02   0.8500000E-03   0.2751631E+00
  0.9439000E+00   0.4870000E-01   0.6500000E-02   0.9000000E-03   0.3043529E+00
  0.9418000E+00   0.5035000E-01   0.5750000E-02   0.2100000E-02  -0.1339417E+01
  0.9423500E+00   0.4950000E-01   0.6500000E-02   0.1650000E-02  -0.1109348E+01
  0.9458500E+00   0.4705000E-01   0.5950000E-02   0.1150000E-02   0.4933755E+00
  0.9417000E+00   0.4985000E-01   0.6800000E-02   0.1650000E-02  -0.1265987E+01
  0.9453000E+00   0.4725000E-01   0.6550000E-02   0.9000000E-03  -0.1961966E+00
  0.9363500E+00   0.5150000E-01   0.9300000E-02   0.2850000E-02  -0.2128108E+01
  0.9469000E+00   0.4685000E-01   0.5550000E-02   0.7000000E-03   0.3846588E+00
  0.9434500E+00   0.5040000E-01   0.5350000E-02   0.8000000E-03   0.1701729E+00
  0.9354500E+00   0.5000000E-01   0.9900000E-02   0.4650000E-02  -0.3026954E+01
  0.9449000E+00   0.4780000E-01   0.6450000E-02   0.8500000E-03  -0.1714297E+00
  0.9467000E+00   0.4710000E-01   0.5650000E-02   0.5500000E-03  -0.1551260E+00
  0.9474500E+00   0.4645000E-01   0.5800000E-02   0.3000000E-03  -0.1468134E+00
  0.9478000E+00   0.4515000E-01   0.6050000E-02   0.1000000E-02   0.2938298E+00
  0.9466000E+00   0.4645000E-01   0.5900000E-02   0.1050000E-02   0.3397164E+00
  0.9470000E+00   0.4685000E-01   0.5350000E-02   0.8000000E-03   0.2083728E+00
  0.9435500E+00   0.4850000E-01   0.6650000E-02   0.1300000E-02   0.8293469E+00
  0.9454500E+00   0.4685000E-01   0.6350000E-02   0.1350000E-02   0.5627912E+00
  0.9473500E+00   0.4650000E-01   0.5550000E-02   0.6000000E-03  -0.1219171E+00
  0.9440000E+00   0.4665000E-01   0.7650000E-02   0.1700000E-02  -0.1331844E+01
  0.9464000E+00   0.4715000E-01   0.5650000E-02   0.8000000E-03  -0.6089574E+00
  0.9461500E+00   0.4700000E-01   0.5600000E-02   0.1250000E-02  -0.7451070E+00
  0.9438000E+00   0.4955000E-01   0.6050000E-02   0.6000000E-03   0.1359024E+00
  0.9464500E+00   0.4645000E-01   0.6300000E-02   0.8000000E-03  -0.7413248E+00
  0.9445500E+00   0.4845000E-01   0.6150000E-02   0.8500000E-03  -0.2348400E+00
  0.9464000E+00   0.4575000E-01   0.6950000E-02   0.9000000E-03  -0.4267255E+00
  0.9333000E+00   0.5295000E-01   0.1000000E-01   0.3750000E-02   0.2428214E+01
  0.9459000E+00   0.4730000E-01   0.5850000E-02   0.9500000E-03  -0.5303041E+00
  0.9319000E+00   0.5265000E-01   0.1105000E-01   0.4400000E-02   0.3181022E+01
  0.9398500E+00   0.5005000E-01   0.8100000E-02   0.2000000E-02   0.1380525E+01
  0.9411500E+00   0.4660000E-01   0.9500000E-02   0.2750000E-02   0.2001326E+01
  0.9425000E+00   0.5005000E-01   0.6450000E-02   0.1000000E-02  -0.3220528E+00
  0.9453000E+00   0.4785000E-01   0.6200000E-02   0.6500000E-03  -0.1350324E+00
  0.9176500E+00   0.5290000E-01   0.1505000E-01   0.1440000E-01  -0.8111705E+01
  0.9514500E+00   0.4360000E-01   0.4350000E-02   0.6000000E-03  -0.1230711E+00
  0.9429500E+00   0.4975000E-01   0.6000000E-02   0.1300000E-02  -0.6674831E+00
  0.9426500E+00   0.4810000E-01   0.7500000E-02   0.1750000E-02   0.1068044E+01
  0.9456500E+00   0.4815000E-01   0.5450000E-02   0.7500000E-03   0.3336532E+00
  0.9461500E+00   0.4730000E-01   0.6000000E-02   0.5500000E-03  -0.4822236E+00
  0.9453000E+00   0.4840000E-01   0.5400000E-02   0.9000000E-03   0.7541806E-01
  0.9440000E+00   0.4870000E-01   0.6100000E-02   0.1200000E-02  -0.6151661E-01
  0.9398000E+00   0.5165000E-01   0.7050000E-02   0.1500000E-02  -0.1314740E+01
  0.9454500E+00   0.4850000E-01   0.5650000E-02   0.4000000E-03   0.3287263E-01
  0.9391500E+00   0.4995000E-01   0.8550000E-02   0.2350000E-02   0.1841167E+01
  0.9311000E+00   0.4975000E-01   0.1310000E-01   0.6050000E-02   0.4034605E+01
  0.9303500E+00   0.5150000E-01   0.1280000E-01   0.5350000E-02   0.3651366E+01
  0.9448000E+00   0.4715000E-01   0.6950000E-02   0.1100000E-02   0.9564909E+00
  0.9469500E+00   0.4725000E-01   0.5100000E-02   0.7000000E-03   0.2223475E+00
  0.9441000E+00   0.4865000E-01   0.6400000E-02   0.8500000E-03  -0.3257403E+00
  0.9442000E+00   0.4730000E-01   0.7150000E-02   0.1350000E-02  -0.6068427E+00
  0.9424500E+00   0.4785000E-01   0.7600000E-02   0.2100000E-02  -0.1313228E+01
  0.9442000E+00   0.4915000E-01   0.5500000E-02   0.1150000E-02  -0.2995657E+00
  0.9453000E+00   0.4795000E-01   0.5450000E-02   0.1300000E-02  -0.3703466E+00
  0.9448000E+00   0.4905000E-01   0.5400000E-02   0.7500000E-03   0.3242101E+00
  0.9427000E+00   0.4800000E-01   0.7200000E-02   0.2100000E-02   0.1395009E+01
  0.9395000E+00   0.4745000E-01   0.1060000E-01   0.2450000E-02   0.2063732E+01
  0.9326500E+00   0.5170000E-01   0.1145000E-01   0.4200000E-02  -0.2959472E+01
  0.8745500E+00   0.5360000E-01   0.2485000E-01   0.4700000E-01  -0.2536875E+02
  0.9437000E+00   0.4900000E-01   0.6550000E-02   0.7500000E-03  -0.4221142E+00
  0.9414000E+00   0.4900000E-01   0.7450000E-02   0.2150000E-02  -0.1644255E+01
  0.9437000E+00   0.4915000E-01   0.6250000E-02   0.9000000E-03   0.3066577E+00
  0.9433500E+00   0.4790000E-01   0.6850000E-02   0.1900000E-02   0.1028551E+01
  0.9459000E+00   0.4775000E-01   0.5500000E-02   0.8500000E-03   0.1520005E+00
  0.9446500E+00   0.4750000E-01   0.6650000E-02   0.1200000E-02   0.2163563E+00
  0.9459500E+00   0.4755000E-01   0.5650000E-02   0.8500000E-03   0.6239416E-01
  0.9439500E+00   0.4805000E-01   0.6750000E-02   0.1250000E-02   0.2269608E+00
  0.9473500E+00   0.4665000E-01   0.5250000E-02   0.7500000E-03  -0.2266411E-01
  0.9450500E+00   0.4890000E-01   0.5150000E-02   0.9000000E-03  -0.1756597E+00
  0.9445500E+00   0.4900000E-01   0.5750000E-02   0.7000000E-03  -0.8805686E-02
  0.9478000E+00   0.4545000E-01   0.5950000E-02   0.8000000E-03  -0.4181955E+00
  0.9487500E+00   0.4500000E-01   0.5450000E-02   0.8000000E-03   0.2295924E-01
  0.9320500E+00   0.5240000E-01   0.1020000E-01   0.5350000E-02  -0.3276254E+01
  0.9451000E+00   0.4825000E-01   0.5950000E-02   0.7000000E-03  -0.1917846E+00
  0.9457500E+00   0.4740000E-01   0.6100000E-02   0.7500000E-03  -0.4595720E+00
  0.9435000E+00   0.4890000E-01   0.6450000E-02   0.1150000E-02   0.2727258E+00
  0.9475500E+00   0.4630000E-01   0.5450000E-02   0.7000000E-03   0.4258234E-01
  0.9481500E+00   0.4560000E-01   0.5300000E-02   0.9500000E-03   0.3891545E+00
  0.9476000E+00   0.4645000E-01   0.5400000E-02   0.5500000E-03  -0.4240281E-01
  0.9470000E+00   0.4670000E-01   0.5550000E-02   0.7500000E-03  -0.1586283E+00
  0.9403500E+00   0.5050000E-01   0.7650000E-02   0.1500000E-02  -0.7758257E+00
  0.9006000E+00   0.5555000E-01   0.1820000E-01   0.2565000E-01  -0.1339695E+02
  0.9350000E+00   0.4940000E-01   0.1155000E-01   0.4050000E-02  -0.2803575E+01
  0.9440000E+00   0.4820000E-01   0.6950000E-02   0.8500000E-03  -0.3435682E+00
  0.9461000E+00   0.4780000E-01   0.5100000E-02   0.1000000E-02  -0.3717853E+00
  0.9421500E+00   0.4975000E-01   0.6800000E-02   0.1300000E-02  -0.8496126E+00
  0.9420500E+00   0.4940000E-01   0.7350000E-02   0.1200000E-02  -0.6313929E+00
  0.9430500E+00   0.4965000E-01   0.6200000E-02   0.1100000E-02  -0.7751929E+00
  0.9456000E+00   0.4690000E-01   0.6750000E-02   0.7500000E-03  -0.8385491E+00
  0.9474500E+00   0.4565000E-01   0.5950000E-02   0.9500000E-03  -0.2165007E+00
  0.9264000E+00   0.5120000E-01   0.1375000E-01   0.8650000E-02   0.5209366E+01
  0.9446000E+00   0.4870000E-01   0.5750000E-02   0.9500000E-03  -0.1947912E+00
  0.9431000E+00   0.4770000E-01   0.7400000E-02   0.1800000E-02   0.1234158E+01
  0.9434500E+00   0.4925000E-01   0.6550000E-02   0.7500000E-03   0.6085497E+00
  0.9456000E+00   0.4735000E-01   0.5900000E-02   0.1150000E-02   0.3725105E+00
  0.9439000E+00   0.4905000E-01   0.5950000E-02   0.1100000E-02   0.4468788E+00
  0.9435500E+00   0.4895000E-01   0.6600000E-02   0.9000000E-03   0.5016488E+00
  0.9441000E+00   0.4885000E-01   0.5850000E-02   0.1200000E-02   0.4788688E+00
  0.9429500E+00   0.4835000E-01   0.7150000E-02   0.1550000E-02   0.7803458E+00
  0.9451500E+00   0.4715000E-01   0.6200000E-02   0.1500000E-02   0.1003235E+01
  0.9445000E+00   0.4910000E-01   0.5500000E-02   0.9000000E-03  -0.3921989E+00
  0.9454500E+00   0.4730000E-01   0.6700000E-02   0.5500000E-03   0.2605924E+00
  0.9399000E+00   0.5060000E-01   0.8200000E-02   0.1300000E-02  -0.1227124E+01
  0.9417500E+00   0.4915000E-01   0.6900000E-02   0.2200000E-02  -0.1366035E+01
  0.9481000E+00   0.4555000E-01   0.5400000E-02   0.9500000E-03   0.9762088E-01
  0.9459500E+00   0.4625000E-01   0.6700000E-02   0.1100000E-02  -0.2052622E+00
  0.9451500E+00   0.4835000E-01   0.5550000E-02   0.9500000E-03  -0.2662195E+00
  0.9465500E+00   0.4615000E-01   0.6450000E-02   0.8500000E-03   0.5097367E+00
  0.9434000E+00   0.4925000E-01   0.6450000E-02   0.9000000E-03   0.6951287E+00
  0.9424000E+00   0.4955000E-01   0.7250000E-02   0.8000000E-03   0.6717746E+00
  0.9424000E+00   0.4985000E-01   0.6850000E-02   0.9000000E-03   0.7215579E+00
  0.9432000E+00   0.4960000E-01   0.6400000E-02   0.8000000E-03   0.1522218E+00
  0.9417500E+00   0.5005000E-01   0.7000000E-02   0.1200000E-02   0.6661968E+00
  0.9465500E+00   0.4635000E-01   0.5650000E-02   0.1450000E-02  -0.7014644E+00
  0.9473000E+00   0.4550000E-01   0.5950000E-02   0.1250000E-02  -0.4627128E+00
  0.9434000E+00   0.4905000E-01   0.6300000E-02   0.1250000E-02  -0.4348958E+00
  0.9471000E+00   0.4620000E-01   0.6050000E-02   0.6500000E-03   0.2481325E+00
  0.9420500E+00   0.4985000E-01   0.7000000E-02   0.1100000E-02   0.6435898E+00
  0.9452000E+00   0.4615000E-01   0.7750000E-02   0.9000000E-03   0.7244858E+00
  0.9482500E+00   0.4435000E-01   0.6150000E-02   0.1250000E-02   0.4933404E+00
  0.9463000E+00   0.4650000E-01   0.6300000E-02   0.9000000E-03  -0.2578213E+00
  0.9434000E+00   0.4990000E-01   0.5850000E-02   0.8500000E-03   0.5588706E+00
  0.9400500E+00   0.5005000E-01   0.8350000E-02   0.1550000E-02  -0.1126514E+01
  0.8810000E+00   0.5540000E-01   0.2670000E-01   0.3690000E-01  -0.1991716E+02
  0.9179000E+00   0.5685000E-01   0.1735000E-01   0.7900000E-02  -0.5404502E+01
  0.8798000E+00   0.5480000E-01   0.2590000E-01   0.3950000E-01  -0.2022318E+02
  0.9417000E+00   0.5060000E-01   0.6150000E-02   0.1550000E-02  -0.7541636E+00
  0.9431000E+00   0.4805000E-01   0.7400000E-02   0.1450000E-02   0.9424610E+00
  0.9431000E+00   0.4960000E-01   0.6350000E-02   0.9500000E-03  -0.3274868E+00
  0.9462000E+00   0.4760000E-01   0.5250000E-02   0.9500000E-03   0.4642288E+00
  0.9436000E+00   0.4820000E-01   0.6950000E-02   0.1250000E-02   0.8890975E+00
  0.9427500E+00   0.5045000E-01   0.5650000E-02   0.1150000E-02   0.6162743E+00
  0.9418000E+00   0.4895000E-01   0.6950000E-02   0.2300000E-02   0.1142213E+01
  0.9471000E+00   0.4645000E-01   0.5450000E-02   0.1000000E-02  -0.3383550E+00
  0.9475500E+00   0.4700000E-01   0.4900000E-02   0.5500000E-03   0.2738423E+00
  0.9458000E+00   0.4775000E-01   0.5800000E-02   0.6500000E-03   0.1854684E+00
  0.9446000E+00   0.4855000E-01   0.6150000E-02   0.7000000E-03  -0.3387609E+00
  0.9398000E+00   0.4880000E-01   0.8500000E-02   0.2900000E-02  -0.1849950E+01
  0.9455000E+00   0.4835000E-01   0.4950000E-02   0.1200000E-02  -0.1670690E-02
  0.9483500E+00   0.4530000E-01   0.5450000E-02   0.9000000E-03  -0.4017337E+00
  0.9398000E+00   0.4835000E-01   0.8600000E-02   0.3250000E-02  -0.2048299E+01
  0.9447500E+00   0.4835000E-01   0.6250000E-02   0.6500000E-03  -0.3752027E+00
  0.9446000E+00   0.4895000E-01   0.5450000E-02   0.1000000E-02  -0.1552200E-01
  0.9427000E+00   0.5075000E-01   0.5650000E-02   0.9000000E-03   0.4514352E+00
  0.9458500E+00   0.4650000E-01   0.6350000E-02   0.1300000E-02   0.7220399E+00
  0.9441000E+00   0.4865000E-01   0.6050000E-02   0.1200000E-02   0.9981107E+00
  0.9367500E+00   0.5125000E-01   0.9400000E-02   0.2600000E-02   0.2005712E+01
  0.9370500E+00   0.4865000E-01   0.9950000E-02   0.4350000E-02   0.2618698E+01
  0.9461500E+00   0.4710000E-01   0.5750000E-02   0.1000000E-02   0.1991678E+00
  0.9466500E+00   0.4770000E-01   0.4850000E-02   0.8000000E-03   0.1995437E+00
  0.9466000E+00   0.4725000E-01   0.5400000E-02   0.7500000E-03   0.1157993E+00
  0.9373500E+00   0.5150000E-01   0.8850000E-02   0.2300000E-02   0.1798204E+01
  0.9479500E+00   0.4445000E-01   0.6450000E-02   0.1150000E-02  -0.3751608E+00
  0.9472500E+00   0.4740000E-01   0.4700000E-02   0.6500000E-03   0.2772456E-01
  0.9449500E+00   0.4755000E-01   0.6100000E-02   0.1400000E-02  -0.8070255E+00
  0.9428500E+00   0.4950000E-01   0.6800000E-02   0.8500000E-03  -0.7718194E+00
  0.9466500E+00   0.4545000E-01   0.6650000E-02   0.1250000E-02  -0.6812330E+00
  0.9487000E+00   0.4600000E-01   0.4750000E-02   0.5500000E-03  -0.4625916E+00
  0.9437500E+00   0.4865000E-01   0.6550000E-02   0.1050000E-02  -0.7808832E+00
  0.9473500E+00   0.4600000E-01   0.5650000E-02   0.1000000E-02   0.2653396E+00
  0.9471500E+00   0.4635000E-01   0.5600000E-02   0.9000000E-03  -0.5086377E+00
  0.9460000E+00   0.4690000E-01   0.6100000E-02   0.1000000E-02   0.1834005E+00
  0.9433500E+00   0.4855000E-01   0.7000000E-02   0.1100000E-02   0.5532172E+00
  0.9462500E+00   0.4760000E-01   0.5500000E-02   0.6500000E-03   0.3226128E+00
  0.9443000E+00   0.4760000E-01   0.6300000E-02   0.1800000E-02  -0.8992944E+00
  0.9464000E+00   0.4660000E-01   0.6350000E-02   0.6500000E-03  -0.3630157E+00
  0.9459000E+00   0.4785000E-01   0.5400000E-02   0.8500000E-03   0.6435962E+00
  0.9430500E+00   0.4955000E-01   0.6650000E-02   0.7500000E-03  -0.2764979E+00
  0.9457500E+00   0.4695000E-01   0.6550000E-02   0.7500000E-03   0.3763232E+00
  0.9448500E+00   0.4920000E-01   0.5000000E-02   0.9500000E-03  -0.3558105E-01
  0.9472000E+00   0.4700000E-01   0.5200000E-02   0.6000000E-03   0.3748588E+00
  0.9456500E+00   0.4775000E-01   0.5800000E-02   0.8000000E-03   0.2004994E+00
  0.9441500E+00   0.4885000E-01   0.6250000E-02   0.7500000E-03   0.4324094E+00
  0.9466500E+00   0.4680000E-01   0.5700000E-02   0.8500000E-03   0.3178558E+00
  0.9422000E+00   0.4785000E-01   0.7650000E-02   0.2300000E-02  -0.1641646E+01
  0.9462500E+00   0.4825000E-01   0.4750000E-02   0.7500000E-03  -0.1994657E+00
  0.9461500E+00   0.4695000E-01   0.6050000E-02   0.8500000E-03  -0.5910097E+00
  0.9481000E+00   0.4535000E-01   0.5750000E-02   0.8000000E-03   0.1506911E-01
  0.9451000E+00   0.4860000E-01   0.5450000E-02   0.8500000E-03   0.9399680E-01
  0.9462000E+00   0.4690000E-01   0.6200000E-02   0.7000000E-03   0.2384606E+00
  0.9455000E+00   0.4695000E-01   0.6850000E-02   0.7000000E-03  -0.2638058E+00
  0.9454000E+00   0.4795000E-01   0.5550000E-02   0.1100000E-02  -0.4270883E+00
  0.9449500E+00   0.4845000E-01   0.5800000E-02   0.8000000E-03  -0.5394889E+00
  0.9484000E+00   0.4510000E-01   0.5200000E-02   0.1300000E-02   0.3254554E+00
  0.9455000E+00   0.4830000E-01   0.5650000E-02   0.5500000E-03  -0.2779439E+00
  0.9464000E+00   0.4695000E-01   0.5800000E-02   0.8500000E-03  -0.1212295E+00
  0.9472000E+00   0.4630000E-01   0.5750000E-02   0.7500000E-03   0.6090747E-01
  0.9457500E+00   0.4765000E-01   0.5700000E-02   0.9000000E-03  -0.1450090E+00
  0.9467000E+00   0.4705000E-01   0.5450000E-02   0.8000000E-03  -0.2574122E+00
  0.9464500E+00   0.4715000E-01   0.5750000E-02   0.6500000E-03  -0.3166964E+00
  0.9462000E+00   0.4710000E-01   0.5950000E-02   0.7500000E-03  -0.4206829E+00
  0.9442000E+00   0.4940000E-01   0.5250000E-02   0.1150000E-02  -0.4004338E+00
  0.9460000E+00   0.4745000E-01   0.5900000E-02   0.6500000E-03  -0.2005538E+00
  0.9452000E+00   0.4890000E-01   0.5400000E-02   0.5000000E-03  -0.2719350E-01
  0.9469000E+00   0.4605000E-01   0.6200000E-02   0.8500000E-03   0.2503140E+00
  0.9446000E+00   0.4840000E-01   0.6300000E-02   0.7000000E-03  -0.4920667E+00
  0.9450000E+00   0.4705000E-01   0.7300000E-02   0.6500000E-03  -0.1344289E+00
  0.9445500E+00   0.4810000E-01   0.6750000E-02   0.6000000E-03   0.1819512E+00
  0.9464000E+00   0.4695000E-01   0.5900000E-02   0.7500000E-03  -0.5867315E+00
  0.9461500E+00   0.4700000E-01   0.6350000E-02   0.5000000E-03  -0.4784495E+00
  0.9451000E+00   0.4830000E-01   0.5950000E-02   0.6500000E-03   0.1894554E+00
  0.9424500E+00   0.5045000E-01   0.5650000E-02   0.1450000E-02  -0.1520987E+00
  0.9457500E+00   0.4840000E-01   0.5100000E-02   0.7500000E-03   0.1717110E-02
  0.9447000E+00   0.4710000E-01   0.7200000E-02   0.1000000E-02  -0.9266571E+00
  0.9457500E+00   0.4730000E-01   0.6300000E-02   0.6500000E-03   0.4025429E+00
  0.9419000E+00   0.4850000E-01   0.8150000E-02   0.1450000E-02   0.1134440E+01
  0.9380500E+00   0.5095000E-01   0.8950000E-02   0.2050000E-02   0.1621724E+01
  0.9418500E+00   0.4820000E-01   0.7950000E-02   0.2000000E-02   0.1280349E+01
  0.9455000E+00   0.4820000E-01   0.5100000E-02   0.1200000E-02   0.1106090E+00
  0.9452000E+00   0.4825000E-01   0.5600000E-02   0.9500000E-03   0.1654001E+00
  0.9479000E+00   0.4640000E-01   0.5250000E-02   0.4500000E-03  -0.1316955E-01
  0.9457000E+00   0.4720000E-01   0.6250000E-02   0.8500000E-03   0.3023879E-02
  0.9465500E+00   0.4635000E-01   0.6400000E-02   0.7000000E-03   0.4788061E+00
  0.9460500E+00   0.4755000E-01   0.5500000E-02   0.9000000E-03   0.3194215E+00
  0.9455500E+00   0.4850000E-01   0.4950000E-02   0.1000000E-02   0.3218065E+00
  0.9455500E+00   0.4670000E-01   0.6750000E-02   0.1000000E-02   0.9797589E-01
  0.9440500E+00   0.4885000E-01   0.6150000E-02   0.9500000E-03  -0.5416935E+00
  0.9443000E+00   0.4635000E-01   0.8000000E-02   0.1350000E-02  -0.1023031E+01
  0.9398500E+00   0.5110000E-01   0.7650000E-02   0.1400000E-02   0.9767199E+00
  0.9424000E+00   0.4790000E-01   0.7850000E-02   0.1850000E-02   0.1310508E+01
  0.9405500E+00   0.4900000E-01   0.8950000E-02   0.1500000E-02   0.1531979E+01
  0.9393000E+00   0.4940000E-01   0.8350000E-02   0.2950000E-02   0.2040993E+01
  0.9350500E+00   0.5360000E-01   0.9350000E-02   0.2000000E-02   0.1778552E+01
  0.9433500E+00   0.4790000E-01   0.7000000E-02   0.1750000E-02   0.1350291E+01
  0.9453500E+00   0.4675000E-01   0.6750000E-02   0.1150000E-02   0.9636259E+00
  0.9430500E+00   0.4895000E-01   0.6100000E-02   0.1900000E-02   0.1094633E+01
  0.9449000E+00   0.4710000E-01   0.6650000E-02   0.1350000E-02   0.7666109E+00
  0.9440500E+00   0.4875000E-01   0.6300000E-02   0.9000000E-03   0.6645503E+00
  0.9392000E+00   0.4910000E-01   0.8400000E-02   0.3300000E-02   0.2057342E+01
  0.9439500E+00   0.4875000E-01   0.6300000E-02   0.1000000E-02  -0.4248424E+00
  0.9427500E+00   0.5045000E-01   0.5400000E-02   0.1400000E-02   0.8806403E+00
  0.9395500E+00   0.4965000E-01   0.9200000E-02   0.1600000E-02   0.1399943E+01
  0.9424000E+00   0.4855000E-01   0.7050000E-02   0.2000000E-02   0.1560487E+01
  0.9457500E+00   0.4605000E-01   0.6900000E-02   0.1300000E-02   0.4592659E+00
  0.9459000E+00   0.4660000E-01   0.6200000E-02   0.1300000E-02   0.7519256E+00
  0.9450500E+00   0.4885000E-01   0.5400000E-02   0.7000000E-03   0.3694524E+00
  0.9490500E+00   0.4515000E-01   0.5250000E-02   0.5500000E-03  -0.4888227E-01
  0.9461000E+00   0.4775000E-01   0.5650000E-02   0.5000000E-03   0.4406312E+00
  0.9448500E+00   0.4740000E-01   0.6350000E-02   0.1400000E-02   0.9000450E+00
  0.9443500E+00   0.4700000E-01   0.7350000E-02   0.1300000E-02   0.9331598E+00
  0.9452000E+00   0.4815000E-01   0.6100000E-02   0.5500000E-03   0.1570697E+00
  0.9440000E+00   0.4735000E-01   0.7500000E-02   0.1150000E-02   0.9222377E+00
  0.9453500E+00   0.4755000E-01   0.6200000E-02   0.9000000E-03   0.7777517E+00
  0.9455000E+00   0.4710000E-01   0.6300000E-02   0.1100000E-02  -0.3753087E+00
  0.9427000E+00   0.4940000E-01   0.6900000E-02   0.1000000E-02  -0.2114226E+00
