           PIP1            PIP2            PIP3            PIP4           alpha
  0.9531000E+00   0.4130000E-01   0.4450000E-02   0.1150000E-02  -0.1189827E-01
  0.9532000E+00   0.4100000E-01   0.4700000E-02   0.1100000E-02  -0.1848778E-01
  0.9560000E+00   0.3910000E-01   0.3550000E-02   0.1350000E-02  -0.1440820E-01
  0.9523000E+00   0.4090000E-01   0.5000000E-02   0.1800000E-02   0.3148078E-01
  0.9530000E+00   0.4190000E-01   0.3800000E-02   0.1300000E-02   0.1722283E-01
  0.9501500E+00   0.4310000E-01   0.4800000E-02   0.1950000E-02  -0.4020528E-01
  0.9540500E+00   0.4120000E-01   0.3950000E-02   0.8000000E-03  -0.1901160E-01
  0.9515500E+00   0.4395000E-01   0.3550000E-02   0.9500000E-03   0.8424639E-02
  0.9510000E+00   0.4285000E-01   0.4550000E-02   0.1600000E-02   0.2739409E-01
  0.9494000E+00   0.4500000E-01   0.4550000E-02   0.1050000E-02   0.1298318E-01
  0.9549000E+00   0.4050000E-01   0.3800000E-02   0.8000000E-03  -0.1745036E-02
  0.9563500E+00   0.3820000E-01   0.4300000E-02   0.1150000E-02  -0.1726496E-01
  0.9539000E+00   0.4010000E-01   0.4500000E-02   0.1500000E-02  -0.2614600E-01
  0.9516000E+00   0.4155000E-01   0.5200000E-02   0.1650000E-02  -0.3099817E-01
  0.9505000E+00   0.4015000E-01   0.5650000E-02   0.3700000E-02  -0.8211321E-01
  0.9582000E+00   0.3735000E-01   0.3500000E-02   0.9500000E-03  -0.8498699E-02
  0.9552000E+00   0.3940000E-01   0.4400000E-02   0.1000000E-02   0.1595754E-01
  0.9497000E+00   0.4205000E-01   0.5600000E-02   0.2650000E-02  -0.6533798E-01
  0.9512000E+00   0.4135000E-01   0.5000000E-02   0.2450000E-02  -0.3549846E-01
  0.9528000E+00   0.4245000E-01   0.3800000E-02   0.9500000E-03   0.5628143E-02
  0.9527500E+00   0.4220000E-01   0.4250000E-02   0.8000000E-03   0.7901625E-02
  0.9536000E+00   0.4180000E-01   0.3500000E-02   0.1100000E-02   0.8818918E-02
  0.9548500E+00   0.4030000E-01   0.3800000E-02   0.1050000E-02  -0.2100896E-01
  0.9536000E+00   0.4040000E-01   0.4600000E-02   0.1400000E-02  -0.1920932E-01
  0.9543000E+00   0.4050000E-01   0.4050000E-02   0.1150000E-02   0.1085891E-01
  0.9523000E+00   0.4100000E-01   0.4650000E-02   0.2050000E-02   0.3280396E-01
  0.9474000E+00   0.4395000E-01   0.6200000E-02   0.2450000E-02   0.6350634E-01
  0.9538000E+00   0.4130000E-01   0.3950000E-02   0.9500000E-03  -0.2372019E-01
  0.9537000E+00   0.4095000E-01   0.4400000E-02   0.9500000E-03  -0.3170927E-01
  0.9527500E+00   0.3995000E-01   0.5050000E-02   0.2250000E-02   0.5200162E-01
  0.9502000E+00   0.4200000E-01   0.4900000E-02   0.2900000E-02   0.4970819E-01
  0.9512000E+00   0.4250000E-01   0.4600000E-02   0.1700000E-02  -0.3042131E-01
  0.9518000E+00   0.4200000E-01   0.4850000E-02   0.1350000E-02  -0.2217398E-01
  0.9449000E+00   0.4255000E-01   0.5950000E-02   0.6600000E-02   0.1476148E+00
  0.9469500E+00   0.4155000E-01   0.6350000E-02   0.5150000E-02   0.1176753E+00
  0.9511000E+00   0.4110000E-01   0.4900000E-02   0.2900000E-02   0.6167309E-01
  0.9465500E+00   0.4280000E-01   0.6200000E-02   0.4450000E-02   0.1017786E+00
  0.9553000E+00   0.4050000E-01   0.3100000E-02   0.1100000E-02   0.1419934E-01
  0.9556000E+00   0.4010000E-01   0.3400000E-02   0.9000000E-03  -0.6393179E-02
  0.9552500E+00   0.4060000E-01   0.3350000E-02   0.8000000E-03  -0.6094929E-02
  0.9548000E+00   0.4015000E-01   0.3900000E-02   0.1150000E-02  -0.9758383E-02
  0.9558000E+00   0.4005000E-01   0.3350000E-02   0.8000000E-03   0.5165442E-02
  0.9549000E+00   0.4010000E-01   0.4300000E-02   0.7000000E-03   0.2487221E-02
  0.9551500E+00   0.3910000E-01   0.4900000E-02   0.8500000E-03  -0.6885806E-02
  0.9498500E+00   0.4445000E-01   0.4450000E-02   0.1250000E-02  -0.2244597E-01
  0.9525500E+00   0.4135000E-01   0.4100000E-02   0.2000000E-02  -0.3883139E-01
  0.9514500E+00   0.4180000E-01   0.5150000E-02   0.1600000E-02  -0.3113228E-01
  0.9527500E+00   0.4000000E-01   0.5200000E-02   0.2050000E-02  -0.4026763E-01
  0.9555500E+00   0.3865000E-01   0.4250000E-02   0.1550000E-02  -0.2289676E-01
  0.9529000E+00   0.4140000E-01   0.3900000E-02   0.1800000E-02  -0.1342082E-01
  0.9516000E+00   0.4040000E-01   0.5800000E-02   0.2200000E-02  -0.5815214E-01
  0.9531500E+00   0.4100000E-01   0.4250000E-02   0.1600000E-02  -0.3750927E-01
  0.9486500E+00   0.4320000E-01   0.5550000E-02   0.2600000E-02  -0.6646501E-01
  0.9532000E+00   0.4145000E-01   0.3900000E-02   0.1450000E-02  -0.3634641E-02
  0.9559000E+00   0.3945000E-01   0.3200000E-02   0.1450000E-02   0.2697254E-02
  0.9537000E+00   0.4145000E-01   0.3950000E-02   0.9000000E-03   0.3335940E-02
  0.9537500E+00   0.4145000E-01   0.4100000E-02   0.7000000E-03   0.2778188E-03
  0.9505500E+00   0.4190000E-01   0.5000000E-02   0.2550000E-02   0.5562920E-01
  0.9505500E+00   0.4310000E-01   0.4350000E-02   0.2000000E-02   0.3373385E-01
  0.9512500E+00   0.4065000E-01   0.5000000E-02   0.3100000E-02   0.6616043E-01
  0.9546000E+00   0.4020000E-01   0.4350000E-02   0.8500000E-03   0.8141816E-02
  0.9541000E+00   0.4115000E-01   0.3400000E-02   0.1350000E-02   0.2271385E-01
  0.9553000E+00   0.3930000E-01   0.4150000E-02   0.1250000E-02   0.1276010E-01
  0.9511500E+00   0.4305000E-01   0.4700000E-02   0.1100000E-02   0.1667145E-01
  0.9562500E+00   0.3930000E-01   0.3550000E-02   0.9000000E-03  -0.4557610E-02
  0.9524500E+00   0.4090000E-01   0.4850000E-02   0.1800000E-02   0.3874041E-01
  0.9521000E+00   0.4150000E-01   0.4750000E-02   0.1650000E-02   0.3562354E-01
  0.9526500E+00   0.4060000E-01   0.5000000E-02   0.1750000E-02   0.3766999E-01
  0.9517500E+00   0.4145000E-01   0.5050000E-02   0.1750000E-02   0.3656174E-01
  0.9544500E+00   0.4045000E-01   0.3400000E-02   0.1700000E-02   0.2565648E-01
  0.9539500E+00   0.4135000E-01   0.3900000E-02   0.8000000E-03   0.1298693E-01
  0.9540000E+00   0.4080000E-01   0.4150000E-02   0.1050000E-02   0.1233386E-01
  0.9517500E+00   0.4220000E-01   0.4850000E-02   0.1200000E-02   0.1611824E-01
  0.9531500E+00   0.4135000E-01   0.4000000E-02   0.1500000E-02  -0.1760042E-01
  0.9457000E+00   0.4320000E-01   0.6900000E-02   0.4200000E-02   0.1022013E+00
  0.9504500E+00   0.4415000E-01   0.4500000E-02   0.9000000E-03  -0.6561560E-02
  0.9527000E+00   0.4245000E-01   0.4100000E-02   0.7500000E-03  -0.1347657E-02
  0.9544500E+00   0.4060000E-01   0.4250000E-02   0.7000000E-03  -0.1151970E-01
  0.9540500E+00   0.4085000E-01   0.3900000E-02   0.1200000E-02   0.2664106E-01
  0.9568000E+00   0.3885000E-01   0.3400000E-02   0.9500000E-03  -0.1351930E-02
  0.9556000E+00   0.3975000E-01   0.3750000E-02   0.9000000E-03  -0.3572870E-02
  0.9527500E+00   0.4135000E-01   0.5000000E-02   0.9000000E-03  -0.2208372E-01
  0.9546000E+00   0.4040000E-01   0.3950000E-02   0.1050000E-02   0.1516733E-01
  0.9561000E+00   0.3850000E-01   0.4450000E-02   0.9500000E-03   0.1268789E-02
  0.9564000E+00   0.3940000E-01   0.3250000E-02   0.9500000E-03  -0.1756037E-02
  0.9526000E+00   0.4165000E-01   0.5000000E-02   0.7500000E-03  -0.7795553E-02
  0.9495500E+00   0.4265000E-01   0.5300000E-02   0.2500000E-02   0.6435729E-01
  0.9511000E+00   0.4265000E-01   0.4600000E-02   0.1650000E-02  -0.1309808E-01
  0.9560500E+00   0.3855000E-01   0.4250000E-02   0.1150000E-02   0.6636273E-02
  0.9516500E+00   0.4260000E-01   0.4450000E-02   0.1300000E-02  -0.1926649E-01
  0.9532000E+00   0.4070000E-01   0.4050000E-02   0.2050000E-02   0.4288554E-01
  0.9533000E+00   0.4150000E-01   0.3800000E-02   0.1400000E-02  -0.2859772E-01
  0.9551500E+00   0.3895000E-01   0.4100000E-02   0.1800000E-02  -0.3828258E-01
  0.9508000E+00   0.4095000E-01   0.5550000E-02   0.2700000E-02  -0.6273663E-01
  0.9519000E+00   0.4185000E-01   0.4500000E-02   0.1750000E-02  -0.3214901E-01
  0.9501000E+00   0.4160000E-01   0.4450000E-02   0.3850000E-02  -0.7701231E-01
  0.9491000E+00   0.4325000E-01   0.5950000E-02   0.1700000E-02  -0.4200817E-01
  0.9488500E+00   0.4355000E-01   0.5550000E-02   0.2050000E-02   0.4167339E-01
  0.9551000E+00   0.3990000E-01   0.3800000E-02   0.1200000E-02  -0.9479622E-02
  0.9552000E+00   0.3970000E-01   0.4350000E-02   0.7500000E-03  -0.9569467E-02
  0.9514000E+00   0.4335000E-01   0.4200000E-02   0.1050000E-02  -0.1284029E-01
  0.9525500E+00   0.4180000E-01   0.4600000E-02   0.1050000E-02  -0.2739817E-01
  0.9547000E+00   0.4060000E-01   0.3800000E-02   0.9000000E-03  -0.1845643E-01
  0.9543500E+00   0.4045000E-01   0.4000000E-02   0.1200000E-02  -0.1614694E-01
  0.9501000E+00   0.4250000E-01   0.4850000E-02   0.2550000E-02  -0.4439667E-01
  0.9538500E+00   0.4030000E-01   0.4400000E-02   0.1450000E-02   0.3511177E-01
  0.9544000E+00   0.4095000E-01   0.3550000E-02   0.1100000E-02   0.1582058E-01
  0.9543500E+00   0.4005000E-01   0.4400000E-02   0.1200000E-02   0.1721699E-01
  0.9519500E+00   0.4140000E-01   0.4900000E-02   0.1750000E-02   0.4026963E-01
  0.9523500E+00   0.4200000E-01   0.4450000E-02   0.1200000E-02   0.2048104E-02
  0.9561500E+00   0.3925000E-01   0.3600000E-02   0.1000000E-02   0.1712885E-01
  0.9538000E+00   0.4050000E-01   0.4900000E-02   0.8000000E-03   0.3417028E-02
  0.9555000E+00   0.4015000E-01   0.3250000E-02   0.1100000E-02   0.4430082E-02
  0.9509000E+00   0.4250000E-01   0.5000000E-02   0.1600000E-02   0.3001882E-01
  0.9522000E+00   0.4185000E-01   0.4150000E-02   0.1800000E-02  -0.4093154E-01
  0.9495500E+00   0.4145000E-01   0.5650000E-02   0.3350000E-02  -0.6863780E-01
  0.9547000E+00   0.4030000E-01   0.4000000E-02   0.1000000E-02  -0.2082673E-03
  0.9494000E+00   0.4375000E-01   0.5150000E-02   0.1700000E-02  -0.4497531E-01
  0.9520500E+00   0.4220000E-01   0.4250000E-02   0.1500000E-02  -0.3325949E-01
  0.9479000E+00   0.4490000E-01   0.5350000E-02   0.1850000E-02  -0.4002292E-01
  0.9557500E+00   0.3875000E-01   0.4450000E-02   0.1050000E-02  -0.1477623E-01
  0.9390500E+00   0.4325000E-01   0.8850000E-02   0.8850000E-02  -0.2171446E+00
  0.9558500E+00   0.3900000E-01   0.4200000E-02   0.9500000E-03   0.8216359E-02
  0.9530000E+00   0.4155000E-01   0.4250000E-02   0.1200000E-02   0.2569957E-01
  0.9542500E+00   0.4095000E-01   0.3750000E-02   0.1050000E-02  -0.9074763E-02
  0.9473000E+00   0.4535000E-01   0.5000000E-02   0.2350000E-02   0.5464012E-01
  0.9484000E+00   0.4325000E-01   0.5500000E-02   0.2850000E-02   0.6984292E-01
  0.9476500E+00   0.4380000E-01   0.5700000E-02   0.2850000E-02   0.6164876E-01
  0.9475500E+00   0.4345000E-01   0.6000000E-02   0.3000000E-02   0.7069254E-01
  0.9469000E+00   0.4270000E-01   0.6150000E-02   0.4250000E-02   0.9314311E-01
  0.9458500E+00   0.4350000E-01   0.5700000E-02   0.4950000E-02   0.1088234E+00
  0.9556500E+00   0.4015000E-01   0.3050000E-02   0.1150000E-02   0.1796074E-01
  0.9506000E+00   0.4195000E-01   0.5500000E-02   0.1950000E-02   0.3996263E-01
  0.9480500E+00   0.4295000E-01   0.5700000E-02   0.3300000E-02  -0.7733585E-01
  0.9539500E+00   0.4100000E-01   0.3900000E-02   0.1150000E-02  -0.1238979E-01
  0.9536000E+00   0.4210000E-01   0.3250000E-02   0.1050000E-02   0.7928524E-03
  0.9531000E+00   0.4165000E-01   0.4000000E-02   0.1250000E-02   0.1613760E-01
  0.9529500E+00   0.4165000E-01   0.4200000E-02   0.1200000E-02   0.8863327E-02
  0.9552500E+00   0.4015000E-01   0.3750000E-02   0.8500000E-03  -0.2492665E-02
  0.9541500E+00   0.4065000E-01   0.3600000E-02   0.1600000E-02  -0.1263495E-02
  0.9548000E+00   0.3995000E-01   0.4050000E-02   0.1200000E-02   0.1009876E-01
  0.9554500E+00   0.3990000E-01   0.3650000E-02   0.1000000E-02  -0.2529803E-02
  0.9546000E+00   0.4045000E-01   0.3900000E-02   0.1050000E-02   0.8700344E-02
  0.9531000E+00   0.4135000E-01   0.4450000E-02   0.1100000E-02  -0.9206020E-02
  0.9532000E+00   0.4140000E-01   0.3700000E-02   0.1700000E-02   0.3565494E-01
  0.9529000E+00   0.3980000E-01   0.5200000E-02   0.2100000E-02   0.4781239E-01
  0.9549000E+00   0.3955000E-01   0.4550000E-02   0.1000000E-02   0.2369313E-01
  0.9475500E+00   0.4165000E-01   0.6850000E-02   0.3950000E-02  -0.9607388E-01
  0.9542500E+00   0.4040000E-01   0.3900000E-02   0.1450000E-02  -0.2984089E-01
  0.9544500E+00   0.4080000E-01   0.3750000E-02   0.1000000E-02   0.7351331E-02
  0.9546500E+00   0.4075000E-01   0.3400000E-02   0.1200000E-02  -0.6362124E-02
  0.9514000E+00   0.4295000E-01   0.4250000E-02   0.1400000E-02   0.2707890E-01
  0.9522000E+00   0.4295000E-01   0.4100000E-02   0.7500000E-03   0.2483108E-02
  0.9536000E+00   0.4135000E-01   0.4150000E-02   0.9000000E-03  -0.3081543E-02
  0.9487000E+00   0.4145000E-01   0.6000000E-02   0.3850000E-02   0.8456976E-01
  0.9480000E+00   0.4280000E-01   0.5900000E-02   0.3300000E-02   0.8366630E-01
  0.9568500E+00   0.3800000E-01   0.3800000E-02   0.1350000E-02   0.1663524E-01
  0.9501500E+00   0.4190000E-01   0.4500000E-02   0.3450000E-02  -0.6822676E-01
  0.9505000E+00   0.4195000E-01   0.5050000E-02   0.2500000E-02   0.6472555E-01
  0.9521500E+00   0.4110000E-01   0.5050000E-02   0.1700000E-02   0.3548036E-01
  0.9503000E+00   0.4325000E-01   0.4800000E-02   0.1650000E-02   0.4789245E-01
  0.9532500E+00   0.3935000E-01   0.5350000E-02   0.2050000E-02   0.4049634E-01
  0.9508500E+00   0.4325000E-01   0.4800000E-02   0.1100000E-02   0.1801366E-01
  0.9538500E+00   0.4170000E-01   0.3650000E-02   0.8000000E-03  -0.4631738E-02
  0.9382500E+00   0.4500000E-01   0.7750000E-02   0.9000000E-02   0.2126035E+00
  0.9521000E+00   0.4095000E-01   0.5350000E-02   0.1600000E-02  -0.4007051E-01
  0.9567000E+00   0.3815000E-01   0.3900000E-02   0.1250000E-02  -0.1172294E-01
  0.9501000E+00   0.4120000E-01   0.6300000E-02   0.2400000E-02   0.6229972E-01
  0.9550000E+00   0.3945000E-01   0.4600000E-02   0.9500000E-03  -0.9479314E-02
  0.9536000E+00   0.4090000E-01   0.4650000E-02   0.8500000E-03   0.7137973E-02
  0.9521500E+00   0.4220000E-01   0.4500000E-02   0.1150000E-02   0.1725390E-01
  0.9547500E+00   0.4040000E-01   0.3850000E-02   0.1000000E-02   0.3733767E-02
  0.9529000E+00   0.4110000E-01   0.4350000E-02   0.1650000E-02   0.3493087E-01
  0.9540000E+00   0.4105000E-01   0.4050000E-02   0.9000000E-03   0.1243843E-01
  0.9570000E+00   0.3875000E-01   0.3800000E-02   0.4500000E-03   0.6806123E-02
  0.9516500E+00   0.4240000E-01   0.4750000E-02   0.1200000E-02   0.1952175E-01
  0.9568500E+00   0.3825000E-01   0.3650000E-02   0.1250000E-02   0.5113797E-02
  0.9547500E+00   0.4010000E-01   0.4100000E-02   0.1050000E-02   0.9971076E-02
  0.9540000E+00   0.4040000E-01   0.4850000E-02   0.7500000E-03   0.1755644E-01
  0.9547500E+00   0.4040000E-01   0.3950000E-02   0.9000000E-03   0.2103564E-02
  0.9572500E+00   0.3800000E-01   0.3600000E-02   0.1150000E-02   0.3809136E-02
  0.9539000E+00   0.4155000E-01   0.3500000E-02   0.1050000E-02   0.9796296E-02
  0.9534000E+00   0.4115000E-01   0.4500000E-02   0.9500000E-03   0.5178413E-02
  0.9548500E+00   0.3980000E-01   0.4350000E-02   0.1000000E-02   0.7326702E-02
  0.9544000E+00   0.4110000E-01   0.3950000E-02   0.5500000E-03   0.7865279E-02
  0.9544000E+00   0.4035000E-01   0.4000000E-02   0.1250000E-02   0.2170975E-01
  0.9244000E+00   0.4420000E-01   0.1025000E-01   0.2115000E-01  -0.4507936E+00
  0.9533000E+00   0.3980000E-01   0.5150000E-02   0.1750000E-02   0.3343894E-01
  0.9504000E+00   0.4230000E-01   0.5550000E-02   0.1750000E-02   0.3606493E-01
  0.9451500E+00   0.4395000E-01   0.6450000E-02   0.4450000E-02   0.9786429E-01
  0.9482000E+00   0.4470000E-01   0.5350000E-02   0.1750000E-02  -0.4255298E-01
  0.9560000E+00   0.3950000E-01   0.3450000E-02   0.1050000E-02  -0.5516860E-02
  0.9519500E+00   0.4115000E-01   0.5150000E-02   0.1750000E-02   0.3714084E-01
  0.9543500E+00   0.4000000E-01   0.4100000E-02   0.1550000E-02   0.2794750E-01
  0.9506000E+00   0.4225000E-01   0.5750000E-02   0.1400000E-02   0.3349962E-01
  0.9446500E+00   0.4465000E-01   0.6200000E-02   0.4500000E-02   0.9924726E-01
  0.9490000E+00   0.4305000E-01   0.4850000E-02   0.3100000E-02   0.6153563E-01
  0.9509500E+00   0.4245000E-01   0.4500000E-02   0.2100000E-02   0.4006276E-01
  0.9482000E+00   0.4405000E-01   0.5450000E-02   0.2300000E-02  -0.4794040E-01
  0.9524500E+00   0.4185000E-01   0.4500000E-02   0.1200000E-02   0.1338313E-01
  0.9521000E+00   0.4215000E-01   0.4600000E-02   0.1150000E-02   0.3244697E-01
  0.9570000E+00   0.3845000E-01   0.3400000E-02   0.1150000E-02  -0.5923138E-02
  0.9469000E+00   0.4450000E-01   0.6100000E-02   0.2500000E-02  -0.5603958E-01
  0.9518000E+00   0.4255000E-01   0.4450000E-02   0.1200000E-02  -0.2455029E-01
  0.9535500E+00   0.4050000E-01   0.4400000E-02   0.1550000E-02  -0.1328033E-01
  0.9513000E+00   0.4235000E-01   0.4900000E-02   0.1450000E-02   0.2474213E-01
  0.9468500E+00   0.4280000E-01   0.6350000E-02   0.4000000E-02   0.7618311E-01
  0.9540500E+00   0.4170000E-01   0.3300000E-02   0.9500000E-03   0.6163428E-02
  0.9498000E+00   0.4275000E-01   0.5850000E-02   0.1600000E-02   0.4445985E-01
  0.9490000E+00   0.4415000E-01   0.4850000E-02   0.2000000E-02  -0.2931447E-01
  0.9529000E+00   0.4085000E-01   0.4650000E-02   0.1600000E-02  -0.4339997E-01
  0.9552500E+00   0.4020000E-01   0.3750000E-02   0.8000000E-03  -0.7154198E-02
  0.9496500E+00   0.4110000E-01   0.5650000E-02   0.3600000E-02  -0.7658676E-01
  0.9547000E+00   0.3950000E-01   0.4450000E-02   0.1350000E-02  -0.2199792E-01
  0.9554000E+00   0.3965000E-01   0.4150000E-02   0.8000000E-03  -0.1406665E-01
  0.9529500E+00   0.4150000E-01   0.4450000E-02   0.1100000E-02  -0.2025682E-01
  0.9538000E+00   0.4080000E-01   0.4200000E-02   0.1200000E-02   0.1956135E-01
  0.9529000E+00   0.4160000E-01   0.4450000E-02   0.1050000E-02   0.1800818E-01
  0.9513000E+00   0.4150000E-01   0.5100000E-02   0.2100000E-02   0.4918168E-01
  0.9467000E+00   0.4405000E-01   0.5700000E-02   0.3550000E-02   0.7939431E-01
  0.9560500E+00   0.3905000E-01   0.3800000E-02   0.1100000E-02   0.3176965E-02
  0.9544000E+00   0.4030000E-01   0.4350000E-02   0.9500000E-03   0.1958683E-01
  0.9551000E+00   0.3955000E-01   0.4000000E-02   0.1350000E-02  -0.2256935E-01
  0.9556500E+00   0.3860000E-01   0.4650000E-02   0.1100000E-02   0.9268382E-02
  0.9486500E+00   0.4335000E-01   0.5100000E-02   0.2900000E-02   0.6930927E-01
  0.9485000E+00   0.4255000E-01   0.5700000E-02   0.3250000E-02   0.7147405E-01
  0.9527500E+00   0.4105000E-01   0.4600000E-02   0.1600000E-02   0.3594441E-01
  0.9541500E+00   0.4005000E-01   0.4200000E-02   0.1600000E-02  -0.2713448E-01
  0.9540000E+00   0.4115000E-01   0.3550000E-02   0.1300000E-02  -0.7296830E-02
  0.9534500E+00   0.4185000E-01   0.3700000E-02   0.1000000E-02  -0.5021693E-03
  0.9523500E+00   0.4205000E-01   0.3750000E-02   0.1850000E-02  -0.2083758E-01
  0.9559000E+00   0.3825000E-01   0.4250000E-02   0.1600000E-02   0.2130329E-01
  0.9538500E+00   0.4065000E-01   0.4650000E-02   0.8500000E-03  -0.6673115E-02
  0.9529500E+00   0.4190000E-01   0.4000000E-02   0.1150000E-02   0.1523990E-01
  0.9530000E+00   0.4195000E-01   0.3900000E-02   0.1150000E-02   0.2011822E-01
  0.9546000E+00   0.4035000E-01   0.4350000E-02   0.7000000E-03   0.5922481E-02
  0.9528500E+00   0.4305000E-01   0.3150000E-02   0.9500000E-03  -0.1700452E-01
  0.9529000E+00   0.4175000E-01   0.4400000E-02   0.9500000E-03  -0.2446480E-01
  0.9558500E+00   0.3925000E-01   0.3800000E-02   0.1100000E-02  -0.1765251E-01
  0.9562000E+00   0.3835000E-01   0.4400000E-02   0.1050000E-02   0.1724925E-01
  0.9523500E+00   0.4230000E-01   0.4000000E-02   0.1350000E-02   0.2588540E-01
  0.9516500E+00   0.4295000E-01   0.4350000E-02   0.1050000E-02   0.2263584E-01
  0.9536000E+00   0.4035000E-01   0.4700000E-02   0.1350000E-02  -0.3103793E-01
  0.9508500E+00   0.4220000E-01   0.4450000E-02   0.2500000E-02  -0.5924159E-01
  0.9519000E+00   0.4125000E-01   0.5100000E-02   0.1750000E-02  -0.3595854E-01
  0.9448500E+00   0.4250000E-01   0.6350000E-02   0.6300000E-02   0.1219268E+00
  0.9547500E+00   0.4045000E-01   0.3600000E-02   0.1200000E-02  -0.1137501E-01
  0.9534500E+00   0.4190000E-01   0.4050000E-02   0.6000000E-03  -0.1501266E-01
  0.9526500E+00   0.4150000E-01   0.4950000E-02   0.9000000E-03  -0.9221553E-02
  0.9512500E+00   0.4265000E-01   0.4950000E-02   0.1150000E-02  -0.2368849E-01
  0.9502000E+00   0.4335000E-01   0.4750000E-02   0.1700000E-02  -0.4427643E-01
  0.9516000E+00   0.4120000E-01   0.5700000E-02   0.1500000E-02  -0.3811604E-01
  0.9550500E+00   0.3960000E-01   0.4300000E-02   0.1050000E-02  -0.3562949E-02
  0.9461500E+00   0.4485000E-01   0.5650000E-02   0.3350000E-02   0.7790534E-01
  0.9535500E+00   0.4175000E-01   0.3550000E-02   0.1150000E-02   0.2682064E-02
  0.9565000E+00   0.3955000E-01   0.2800000E-02   0.1150000E-02  -0.9334350E-02
  0.9561000E+00   0.3825000E-01   0.4400000E-02   0.1250000E-02   0.1888540E-01
  0.9544500E+00   0.4025000E-01   0.4100000E-02   0.1200000E-02   0.1732801E-01
  0.9556500E+00   0.3955000E-01   0.3950000E-02   0.8500000E-03  -0.4807677E-02
  0.9552500E+00   0.3985000E-01   0.3350000E-02   0.1550000E-02   0.1405122E-01
  0.9548500E+00   0.4005000E-01   0.4300000E-02   0.8000000E-03   0.3391171E-02
  0.9555000E+00   0.4005000E-01   0.3350000E-02   0.1100000E-02   0.1154498E-01
  0.9544000E+00   0.4080000E-01   0.3700000E-02   0.1100000E-02   0.6462177E-02
  0.9533500E+00   0.4125000E-01   0.4500000E-02   0.9000000E-03  -0.1558801E-01
  0.9552000E+00   0.3915000E-01   0.4400000E-02   0.1250000E-02   0.2432188E-01
  0.9509500E+00   0.4115000E-01   0.5550000E-02   0.2350000E-02  -0.5639163E-01
  0.9538000E+00   0.4095000E-01   0.3950000E-02   0.1300000E-02  -0.1352152E-01
  0.9466500E+00   0.4115000E-01   0.6700000E-02   0.5500000E-02   0.1098287E+00
  0.9547500E+00   0.3940000E-01   0.4800000E-02   0.1050000E-02   0.1002969E-01
  0.9517000E+00   0.4290000E-01   0.4400000E-02   0.1000000E-02  -0.1640224E-01
  0.9539000E+00   0.4085000E-01   0.3400000E-02   0.1850000E-02  -0.2559671E-01
  0.9530000E+00   0.4105000E-01   0.4150000E-02   0.1800000E-02  -0.3192569E-01
  0.9556000E+00   0.3880000E-01   0.4450000E-02   0.1150000E-02   0.1323206E-01
  0.9548000E+00   0.3980000E-01   0.3800000E-02   0.1600000E-02   0.3389019E-01
  0.9529500E+00   0.4180000E-01   0.4200000E-02   0.1050000E-02   0.1180301E-01
  0.9559000E+00   0.3980000E-01   0.3400000E-02   0.9000000E-03   0.3800043E-02
  0.9478000E+00   0.4265000E-01   0.6350000E-02   0.3200000E-02  -0.7088378E-01
  0.9557500E+00   0.4025000E-01   0.3050000E-02   0.9500000E-03   0.8959762E-03
  0.9544000E+00   0.4065000E-01   0.3800000E-02   0.1150000E-02  -0.4577028E-02
  0.9539000E+00   0.4130000E-01   0.3850000E-02   0.9500000E-03  -0.1670332E-01
  0.9393000E+00   0.4310000E-01   0.7200000E-02   0.1040000E-01   0.2384792E+00
  0.9533000E+00   0.4180000E-01   0.3900000E-02   0.1000000E-02  -0.1380501E-01
  0.9567500E+00   0.3890000E-01   0.3600000E-02   0.7500000E-03  -0.7210143E-02
  0.9542500E+00   0.4100000E-01   0.3650000E-02   0.1100000E-02  -0.1306413E-01
  0.9545500E+00   0.4045000E-01   0.4350000E-02   0.6500000E-03  -0.6431292E-02
  0.9549500E+00   0.3970000E-01   0.4050000E-02   0.1300000E-02  -0.4737927E-02
  0.9502000E+00   0.4270000E-01   0.4800000E-02   0.2300000E-02  -0.5095993E-01
  0.9522500E+00   0.4090000E-01   0.4800000E-02   0.2050000E-02   0.5257808E-01
  0.9547500E+00   0.4085000E-01   0.3600000E-02   0.8000000E-03  -0.7558008E-02
  0.9490000E+00   0.4155000E-01   0.6200000E-02   0.3250000E-02  -0.7361921E-01
  0.9544500E+00   0.4050000E-01   0.4300000E-02   0.7500000E-03   0.1154033E-03
  0.9508500E+00   0.4385000E-01   0.4150000E-02   0.1150000E-02  -0.2422985E-01
  0.9487000E+00   0.4170000E-01   0.5900000E-02   0.3700000E-02  -0.8037228E-01
  0.9509000E+00   0.4375000E-01   0.3900000E-02   0.1450000E-02  -0.2210958E-01
  0.9524500E+00   0.4130000E-01   0.5000000E-02   0.1250000E-02   0.1375270E-01
  0.9519500E+00   0.4300000E-01   0.3650000E-02   0.1400000E-02  -0.8632210E-02
  0.9516000E+00   0.4225000E-01   0.4150000E-02   0.2000000E-02   0.4082293E-01
  0.9534500E+00   0.4160000E-01   0.3700000E-02   0.1250000E-02   0.1229014E-01
  0.9531000E+00   0.4175000E-01   0.4150000E-02   0.1000000E-02   0.1466242E-01
  0.9545500E+00   0.3925000E-01   0.4650000E-02   0.1550000E-02   0.2371485E-01
  0.9522000E+00   0.4185000E-01   0.4300000E-02   0.1650000E-02   0.1758030E-01
  0.9539000E+00   0.4040000E-01   0.4250000E-02   0.1450000E-02  -0.3199555E-01
  0.9552500E+00   0.3960000E-01   0.3850000E-02   0.1300000E-02  -0.1622161E-01
  0.9507000E+00   0.4385000E-01   0.4150000E-02   0.1300000E-02   0.3220377E-02
  0.9545500E+00   0.3950000E-01   0.4450000E-02   0.1500000E-02  -0.1714337E-01
  0.9546500E+00   0.4005000E-01   0.3550000E-02   0.1750000E-02   0.1993870E-01
  0.9550500E+00   0.4010000E-01   0.3550000E-02   0.1300000E-02   0.8508474E-02
  0.9548500E+00   0.4015000E-01   0.4250000E-02   0.7500000E-03   0.1842796E-01
  0.9504000E+00   0.4300000E-01   0.4650000E-02   0.1950000E-02  -0.4243066E-01
  0.9529500E+00   0.4080000E-01   0.4850000E-02   0.1400000E-02   0.1528480E-01
  0.9550500E+00   0.3900000E-01   0.4600000E-02   0.1350000E-02   0.1779564E-01
  0.9501500E+00   0.4220000E-01   0.5400000E-02   0.2250000E-02   0.5658987E-01
  0.9529500E+00   0.4190000E-01   0.4050000E-02   0.1100000E-02  -0.1450975E-01
  0.9561500E+00   0.3940000E-01   0.3650000E-02   0.8000000E-03  -0.9473823E-02
  0.9543500E+00   0.3900000E-01   0.4850000E-02   0.1800000E-02  -0.3464169E-01
  0.9531500E+00   0.4190000E-01   0.4200000E-02   0.7500000E-03  -0.1352645E-01
  0.9547500E+00   0.3970000E-01   0.4250000E-02   0.1300000E-02  -0.1044589E-01
  0.9532000E+00   0.4110000E-01   0.3950000E-02   0.1750000E-02   0.2839311E-01
  0.9532500E+00   0.4155000E-01   0.4250000E-02   0.9500000E-03   0.1923928E-01
  0.9531000E+00   0.4160000E-01   0.4450000E-02   0.8500000E-03  -0.2239917E-01
  0.9539500E+00   0.4035000E-01   0.4500000E-02   0.1200000E-02   0.1564727E-01
  0.9548500E+00   0.4030000E-01   0.3750000E-02   0.1100000E-02   0.1098929E-01
  0.9542500E+00   0.3955000E-01   0.4800000E-02   0.1400000E-02   0.2178121E-01
  0.9551000E+00   0.3965000E-01   0.4150000E-02   0.1100000E-02   0.1155396E-01
  0.9524000E+00   0.4200000E-01   0.4050000E-02   0.1550000E-02   0.1590129E-01
  0.9542000E+00   0.4085000E-01   0.4100000E-02   0.8500000E-03  -0.3797346E-02
  0.9541000E+00   0.4115000E-01   0.3900000E-02   0.8500000E-03  -0.2975431E-02
  0.9539500E+00   0.4070000E-01   0.4050000E-02   0.1300000E-02  -0.2418706E-01
  0.9534500E+00   0.4125000E-01   0.3700000E-02   0.1600000E-02  -0.2560182E-01
  0.9541000E+00   0.4085000E-01   0.4250000E-02   0.8000000E-03   0.1483716E-01
  0.9547000E+00   0.3945000E-01   0.4600000E-02   0.1250000E-02   0.1339768E-01
  0.9535500E+00   0.4100000E-01   0.4350000E-02   0.1100000E-02   0.8647075E-02
  0.9534500E+00   0.4110000E-01   0.4400000E-02   0.1050000E-02   0.8914035E-02
  0.9479500E+00   0.4310000E-01   0.5350000E-02   0.3600000E-02  -0.7260250E-01
  0.9562500E+00   0.3895000E-01   0.4150000E-02   0.6500000E-03   0.8010356E-02
  0.9554000E+00   0.3960000E-01   0.3950000E-02   0.1050000E-02   0.1733445E-01
  0.9563000E+00   0.3895000E-01   0.3950000E-02   0.8000000E-03  -0.2539965E-04
  0.9546000E+00   0.3985000E-01   0.4350000E-02   0.1200000E-02   0.7262374E-02
  0.9533500E+00   0.4095000E-01   0.4700000E-02   0.1000000E-02   0.1123213E-01
  0.9519000E+00   0.4240000E-01   0.4400000E-02   0.1300000E-02  -0.1087934E-01
  0.9515500E+00   0.4260000E-01   0.4950000E-02   0.9000000E-03   0.3850994E-02
  0.9525000E+00   0.4245000E-01   0.4100000E-02   0.9500000E-03   0.1454294E-01
  0.9523500E+00   0.4120000E-01   0.4550000E-02   0.1900000E-02  -0.3735677E-01
  0.9553000E+00   0.4040000E-01   0.3450000E-02   0.8500000E-03  -0.7774873E-02
  0.9570000E+00   0.3835000E-01   0.3450000E-02   0.1200000E-02   0.1481357E-01
  0.9541000E+00   0.4075000E-01   0.4250000E-02   0.9000000E-03   0.1323229E-01
  0.9545500E+00   0.3905000E-01   0.4800000E-02   0.1600000E-02   0.3356236E-01
  0.9550000E+00   0.3935000E-01   0.4700000E-02   0.9500000E-03  -0.1598935E-01
  0.9312500E+00   0.4430000E-01   0.9000000E-02   0.1545000E-01  -0.3321033E+00
  0.9544500E+00   0.4060000E-01   0.3600000E-02   0.1350000E-02  -0.1817495E-01
  0.9513500E+00   0.4285000E-01   0.4500000E-02   0.1300000E-02  -0.2519877E-01
  0.9544000E+00   0.4080000E-01   0.3700000E-02   0.1100000E-02  -0.1977865E-01
  0.9528500E+00   0.4110000E-01   0.4100000E-02   0.1950000E-02   0.2921384E-01
  0.9503500E+00   0.4380000E-01   0.4200000E-02   0.1650000E-02  -0.3487231E-01
  0.9546500E+00   0.4055000E-01   0.3700000E-02   0.1100000E-02  -0.3576520E-02
  0.9528500E+00   0.4080000E-01   0.4700000E-02   0.1650000E-02   0.1066098E-01
  0.9526000E+00   0.4170000E-01   0.4650000E-02   0.1050000E-02  -0.2293257E-01
  0.9514500E+00   0.4045000E-01   0.5750000E-02   0.2350000E-02  -0.5552045E-01
  0.9540000E+00   0.3935000E-01   0.5350000E-02   0.1300000E-02  -0.2630427E-01
  0.9519000E+00   0.4275000E-01   0.3750000E-02   0.1600000E-02  -0.2826150E-01
  0.9524500E+00   0.4085000E-01   0.4500000E-02   0.2200000E-02  -0.4819046E-01
  0.9488500E+00   0.4150000E-01   0.6550000E-02   0.3100000E-02  -0.7914083E-01
  0.9513500E+00   0.4325000E-01   0.4250000E-02   0.1150000E-02  -0.2339677E-01
  0.9528000E+00   0.4105000E-01   0.4700000E-02   0.1450000E-02   0.3178353E-01
  0.9546500E+00   0.3955000E-01   0.4250000E-02   0.1550000E-02   0.2733517E-01
  0.9516000E+00   0.4155000E-01   0.4300000E-02   0.2550000E-02  -0.3919053E-01
  0.9534000E+00   0.4150000E-01   0.3900000E-02   0.1200000E-02   0.1058402E-01
  0.9515000E+00   0.4350000E-01   0.4050000E-02   0.9500000E-03   0.5896947E-02
  0.9391000E+00   0.4585000E-01   0.6550000E-02   0.8500000E-02  -0.1908686E+00
  0.9548000E+00   0.3935000E-01   0.4450000E-02   0.1400000E-02  -0.3090716E-02
  0.9513000E+00   0.4315000E-01   0.4450000E-02   0.1100000E-02  -0.2235408E-01
  0.9526000E+00   0.4105000E-01   0.4550000E-02   0.1800000E-02  -0.3314349E-01
  0.9562000E+00   0.3995000E-01   0.3250000E-02   0.6000000E-03  -0.5960302E-02
  0.9578500E+00   0.3760000E-01   0.3800000E-02   0.7500000E-03  -0.1085422E-01
  0.9544500E+00   0.3995000E-01   0.4400000E-02   0.1200000E-02   0.2464406E-01
  0.9538500E+00   0.4155000E-01   0.3700000E-02   0.9000000E-03   0.1073314E-01
  0.9526500E+00   0.4265000E-01   0.3650000E-02   0.1050000E-02  -0.1336473E-01
  0.9532000E+00   0.4190000E-01   0.4000000E-02   0.9000000E-03   0.1218094E-01
  0.9546500E+00   0.4090000E-01   0.4000000E-02   0.4500000E-03  -0.5102653E-02
  0.9512500E+00   0.4340000E-01   0.4200000E-02   0.1150000E-02   0.2854453E-01
  0.9535000E+00   0.4230000E-01   0.3300000E-02   0.9000000E-03  -0.6513911E-02
  0.9494500E+00   0.4350000E-01   0.4300000E-02   0.2750000E-02  -0.5902693E-01
  0.9544500E+00   0.3970000E-01   0.4600000E-02   0.1250000E-02  -0.2482249E-01
  0.9532500E+00   0.4155000E-01   0.3600000E-02   0.1600000E-02  -0.2001918E-01
  0.9544500E+00   0.4005000E-01   0.4250000E-02   0.1250000E-02  -0.1565508E-01
  0.9526500E+00   0.4135000E-01   0.4750000E-02   0.1250000E-02  -0.1371723E-01
  0.9556500E+00   0.3980000E-01   0.3450000E-02   0.1100000E-02  -0.4660418E-02
  0.9531000E+00   0.4140000E-01   0.4450000E-02   0.1050000E-02  -0.6792373E-03
  0.9554000E+00   0.4030000E-01   0.3300000E-02   0.1000000E-02   0.4724224E-03
  0.9518500E+00   0.4255000E-01   0.4500000E-02   0.1100000E-02   0.1637152E-01
  0.9551000E+00   0.3885000E-01   0.4800000E-02   0.1250000E-02  -0.1104876E-01
  0.9553500E+00   0.3930000E-01   0.4150000E-02   0.1200000E-02  -0.2008296E-01
  0.9524500E+00   0.4060000E-01   0.5600000E-02   0.1350000E-02   0.1821517E-01
  0.9546000E+00   0.4075000E-01   0.3900000E-02   0.7500000E-03   0.8502708E-03
  0.9547000E+00   0.3975000E-01   0.4200000E-02   0.1350000E-02   0.3567519E-02
  0.9537000E+00   0.4070000E-01   0.4650000E-02   0.9500000E-03   0.2236147E-01
  0.9523000E+00   0.4270000E-01   0.4050000E-02   0.9500000E-03   0.1121600E-01
  0.9533500E+00   0.4000000E-01   0.4800000E-02   0.1850000E-02   0.4017420E-01
  0.9468500E+00   0.4230000E-01   0.6750000E-02   0.4100000E-02   0.8893775E-01
  0.9494000E+00   0.4000000E-01   0.5750000E-02   0.4850000E-02   0.1123882E+00
  0.9317000E+00   0.4870000E-01   0.7850000E-02   0.1175000E-01   0.2608498E+00
  0.9445000E+00   0.4325000E-01   0.6600000E-02   0.5650000E-02   0.1210427E+00
  0.9540500E+00   0.4015000E-01   0.4700000E-02   0.1100000E-02   0.1750365E-01
  0.9525000E+00   0.4180000E-01   0.3450000E-02   0.2250000E-02   0.2692300E-01
  0.9527000E+00   0.4130000E-01   0.4800000E-02   0.1200000E-02  -0.1570552E-01
  0.9558000E+00   0.3895000E-01   0.4300000E-02   0.9500000E-03   0.1014400E-01
  0.9558000E+00   0.3865000E-01   0.4600000E-02   0.9500000E-03  -0.1736531E-01
  0.9521000E+00   0.4110000E-01   0.5150000E-02   0.1650000E-02   0.3176372E-01
  0.9524500E+00   0.4265000E-01   0.4100000E-02   0.8000000E-03  -0.1619961E-02
  0.9531500E+00   0.4185000E-01   0.4150000E-02   0.8500000E-03   0.2385229E-01
  0.9548500E+00   0.3940000E-01   0.4600000E-02   0.1150000E-02   0.3503024E-02
  0.9542500E+00   0.4080000E-01   0.4250000E-02   0.7000000E-03  -0.7190911E-02
  0.9521000E+00   0.4235000E-01   0.4350000E-02   0.1200000E-02   0.1262009E-01
  0.9525500E+00   0.4235000E-01   0.4250000E-02   0.8500000E-03   0.9498487E-02
  0.9518500E+00   0.4350000E-01   0.3650000E-02   0.1000000E-02  -0.1774158E-03
  0.9542500E+00   0.4090000E-01   0.3950000E-02   0.9000000E-03  -0.4415196E-03
  0.9548000E+00   0.4005000E-01   0.3650000E-02   0.1500000E-02   0.2356664E-01
  0.9564000E+00   0.3845000E-01   0.3950000E-02   0.1200000E-02   0.7702485E-03
  0.9537000E+00   0.3985000E-01   0.4300000E-02   0.2150000E-02  -0.3354599E-01
  0.9504000E+00   0.4325000E-01   0.4800000E-02   0.1550000E-02  -0.4552141E-01
  0.9568000E+00   0.3820000E-01   0.4050000E-02   0.9500000E-03   0.4660942E-02
  0.9527000E+00   0.4160000E-01   0.4700000E-02   0.1000000E-02  -0.1514117E-01
  0.9573000E+00   0.3825000E-01   0.3500000E-02   0.9500000E-03  -0.6933256E-03
  0.9521000E+00   0.4210000E-01   0.4650000E-02   0.1150000E-02  -0.2650150E-01
  0.9537000E+00   0.4180000E-01   0.3550000E-02   0.9500000E-03   0.4816055E-02
  0.9518500E+00   0.4130000E-01   0.4700000E-02   0.2150000E-02  -0.3642219E-01
  0.9548500E+00   0.4030000E-01   0.4000000E-02   0.8500000E-03  -0.2747854E-02
  0.9558500E+00   0.3895000E-01   0.4400000E-02   0.8000000E-03  -0.1044827E-01
  0.9547000E+00   0.4065000E-01   0.3850000E-02   0.8000000E-03   0.2629384E-02
  0.9523000E+00   0.4180000E-01   0.4350000E-02   0.1550000E-02  -0.2573704E-01
  0.9527500E+00   0.4180000E-01   0.4450000E-02   0.1000000E-02   0.4736374E-02
  0.9538000E+00   0.4160000E-01   0.3550000E-02   0.1050000E-02  -0.7381830E-02
  0.9506000E+00   0.4325000E-01   0.4400000E-02   0.1750000E-02  -0.3990504E-01
  0.9554000E+00   0.3880000E-01   0.4450000E-02   0.1350000E-02  -0.2689717E-01
  0.9400000E+00   0.4530000E-01   0.7700000E-02   0.7000000E-02  -0.1791390E+00
  0.9515500E+00   0.4185000E-01   0.5150000E-02   0.1450000E-02  -0.3325503E-01
  0.9501000E+00   0.4365000E-01   0.4750000E-02   0.1500000E-02  -0.2834493E-01
  0.9514500E+00   0.4225000E-01   0.4750000E-02   0.1550000E-02  -0.3133906E-01
  0.9536000E+00   0.4135000E-01   0.4450000E-02   0.6000000E-03  -0.5289771E-02
  0.9530000E+00   0.4175000E-01   0.4250000E-02   0.1000000E-02  -0.5150516E-03
  0.9514000E+00   0.4040000E-01   0.5450000E-02   0.2750000E-02  -0.5660480E-01
  0.9449500E+00   0.4285000E-01   0.7100000E-02   0.5100000E-02   0.1193799E+00
  0.9544000E+00   0.4000000E-01   0.4500000E-02   0.1100000E-02  -0.1790466E-01
  0.9577000E+00   0.3750000E-01   0.4050000E-02   0.7500000E-03   0.9397750E-04
  0.9516000E+00   0.4265000E-01   0.4750000E-02   0.1000000E-02   0.4067847E-03
  0.9560500E+00   0.3895000E-01   0.4100000E-02   0.9000000E-03  -0.1060319E-01
  0.9538000E+00   0.4000000E-01   0.4350000E-02   0.1850000E-02  -0.3188893E-01
  0.9509500E+00   0.4170000E-01   0.5550000E-02   0.1800000E-02  -0.4808046E-01
  0.9531500E+00   0.4130000E-01   0.4150000E-02   0.1400000E-02  -0.3308742E-01
  0.9528000E+00   0.4185000E-01   0.4600000E-02   0.7500000E-03  -0.5154049E-02
  0.9524000E+00   0.4165000E-01   0.4000000E-02   0.1950000E-02  -0.3354801E-01
  0.9566500E+00   0.3850000E-01   0.4000000E-02   0.8500000E-03  -0.2525693E-02
  0.9540500E+00   0.4055000E-01   0.4300000E-02   0.1100000E-02  -0.2370808E-01
  0.9540500E+00   0.4050000E-01   0.4700000E-02   0.7500000E-03  -0.2058107E-01
  0.9474500E+00   0.4325000E-01   0.6500000E-02   0.2800000E-02  -0.7715137E-01
  0.9347000E+00   0.4320000E-01   0.8450000E-02   0.1365000E-01  -0.3126621E+00
  0.9537500E+00   0.4095000E-01   0.4100000E-02   0.1200000E-02   0.1536615E-01
  0.9541500E+00   0.4070000E-01   0.4050000E-02   0.1100000E-02   0.5208755E-02
  0.9546000E+00   0.4020000E-01   0.3900000E-02   0.1300000E-02   0.6360059E-02
  0.9548000E+00   0.3955000E-01   0.4200000E-02   0.1450000E-02   0.2741438E-02
  0.9564000E+00   0.3850000E-01   0.3800000E-02   0.1300000E-02   0.5726183E-02
  0.9500000E+00   0.4335000E-01   0.5550000E-02   0.1100000E-02   0.2518470E-01
  0.9540500E+00   0.4085000E-01   0.4100000E-02   0.1000000E-02  -0.6201031E-02
  0.9539000E+00   0.4035000E-01   0.4800000E-02   0.9500000E-03   0.2322531E-02
  0.9561000E+00   0.3885000E-01   0.4100000E-02   0.9500000E-03   0.6846354E-02
  0.9528500E+00   0.4125000E-01   0.4800000E-02   0.1100000E-02  -0.2335055E-02
  0.9552000E+00   0.3995000E-01   0.3850000E-02   0.1000000E-02   0.1772398E-02
  0.9570500E+00   0.3855000E-01   0.3150000E-02   0.1250000E-02   0.1914540E-02
  0.9568000E+00   0.3915000E-01   0.3450000E-02   0.6000000E-03  -0.4510426E-02
  0.9531000E+00   0.4110000E-01   0.5000000E-02   0.8000000E-03   0.1940205E-03
  0.9532000E+00   0.4070000E-01   0.4600000E-02   0.1500000E-02   0.2212966E-01
  0.9533000E+00   0.4130000E-01   0.3700000E-02   0.1700000E-02   0.3306425E-01
  0.9535500E+00   0.4225000E-01   0.3700000E-02   0.5000000E-03  -0.5196714E-02
  0.9552000E+00   0.3940000E-01   0.4300000E-02   0.1100000E-02   0.2323625E-02
  0.9541500E+00   0.4010000E-01   0.4600000E-02   0.1150000E-02   0.7282688E-02
  0.9554500E+00   0.4015000E-01   0.3550000E-02   0.8500000E-03   0.9834873E-02
  0.9566000E+00   0.3855000E-01   0.3800000E-02   0.1050000E-02   0.5385492E-02
  0.9558500E+00   0.3875000E-01   0.4050000E-02   0.1350000E-02  -0.1499772E-01
  0.9537500E+00   0.4185000E-01   0.3550000E-02   0.8500000E-03   0.5207667E-02
  0.9528500E+00   0.4235000E-01   0.3950000E-02   0.8500000E-03  -0.9920353E-02
  0.9535500E+00   0.4145000E-01   0.4050000E-02   0.9500000E-03  -0.5967144E-03
  0.9560000E+00   0.3940000E-01   0.3700000E-02   0.9000000E-03   0.7964478E-03
  0.9535500E+00   0.4210000E-01   0.3650000E-02   0.7000000E-03  -0.7352868E-02
  0.9506500E+00   0.4310000E-01   0.4550000E-02   0.1700000E-02  -0.1889741E-01
  0.9533000E+00   0.4120000E-01   0.4400000E-02   0.1100000E-02  -0.2570426E-02
  0.9566000E+00   0.3945000E-01   0.2950000E-02   0.1000000E-02  -0.8608498E-02
  0.9563000E+00   0.3920000E-01   0.3500000E-02   0.1000000E-02  -0.5038493E-02
  0.9527500E+00   0.4245000E-01   0.3900000E-02   0.9000000E-03   0.4884700E-02
  0.9544500E+00   0.4080000E-01   0.3700000E-02   0.1050000E-02   0.1383164E-01
  0.9565000E+00   0.3930000E-01   0.3450000E-02   0.7500000E-03   0.6399156E-02
  0.9522500E+00   0.4185000E-01   0.4900000E-02   0.1000000E-02   0.1815336E-01
  0.9550000E+00   0.3935000E-01   0.4500000E-02   0.1150000E-02   0.1422564E-01
  0.9528500E+00   0.4155000E-01   0.4450000E-02   0.1150000E-02   0.3303176E-01
  0.9558500E+00   0.3905000E-01   0.3850000E-02   0.1250000E-02   0.2289273E-01
  0.9497000E+00   0.4220000E-01   0.6350000E-02   0.1750000E-02  -0.5232374E-01
  0.9523000E+00   0.4265000E-01   0.4050000E-02   0.1000000E-02  -0.2228674E-01
  0.9530500E+00   0.4200000E-01   0.3700000E-02   0.1250000E-02  -0.1513540E-01
  0.9517500E+00   0.4330000E-01   0.3800000E-02   0.1150000E-02   0.1579018E-01
  0.9551500E+00   0.4070000E-01   0.3150000E-02   0.1000000E-02  -0.7476684E-02
