           PIP1            PIP2            PIP3            PIP4           alpha
  0.9514500E+00   0.4355000E-01   0.3750000E-02   0.1250000E-02  -0.9056353E-02
  0.9511000E+00   0.4355000E-01   0.4050000E-02   0.1300000E-02  -0.2402327E-01
  0.9516500E+00   0.4270000E-01   0.4200000E-02   0.1450000E-02  -0.6907136E-02
  0.9496500E+00   0.4355000E-01   0.4900000E-02   0.1900000E-02   0.3310984E-01
  0.9519500E+00   0.4275000E-01   0.4350000E-02   0.9500000E-03   0.1389929E-01
  0.9463500E+00   0.4600000E-01   0.5300000E-02   0.2350000E-02  -0.4970496E-01
  0.9487000E+00   0.4495000E-01   0.5150000E-02   0.1200000E-02  -0.1720843E-01
  0.9536500E+00   0.4150000E-01   0.3650000E-02   0.1200000E-02   0.9563970E-02
  0.9501500E+00   0.4435000E-01   0.4600000E-02   0.9000000E-03   0.2607309E-01
  0.9505500E+00   0.4430000E-01   0.3950000E-02   0.1200000E-02   0.6619499E-02
  0.9522500E+00   0.4225000E-01   0.4500000E-02   0.1000000E-02  -0.4295675E-02
  0.9507500E+00   0.4345000E-01   0.4750000E-02   0.1050000E-02  -0.9517669E-02
  0.9477000E+00   0.4605000E-01   0.4850000E-02   0.1400000E-02  -0.2822598E-01
  0.9495500E+00   0.4390000E-01   0.4750000E-02   0.1800000E-02  -0.3853152E-01
  0.9454500E+00   0.4510000E-01   0.5850000E-02   0.3600000E-02  -0.7638346E-01
  0.9520000E+00   0.4280000E-01   0.4200000E-02   0.1000000E-02  -0.4622782E-02
  0.9541000E+00   0.4075000E-01   0.4000000E-02   0.1150000E-02   0.1420565E-01
  0.9463500E+00   0.4610000E-01   0.4650000E-02   0.2900000E-02  -0.6394888E-01
  0.9507500E+00   0.4260000E-01   0.4600000E-02   0.2050000E-02  -0.3377343E-01
  0.9509000E+00   0.4355000E-01   0.4350000E-02   0.1200000E-02   0.5526216E-02
  0.9534500E+00   0.4105000E-01   0.4150000E-02   0.1350000E-02   0.4996349E-02
  0.9502000E+00   0.4430000E-01   0.4300000E-02   0.1200000E-02   0.6785246E-02
  0.9508500E+00   0.4295000E-01   0.4700000E-02   0.1500000E-02  -0.1695242E-01
  0.9489000E+00   0.4620000E-01   0.4050000E-02   0.8500000E-03  -0.1374135E-01
  0.9504500E+00   0.4415000E-01   0.4500000E-02   0.9000000E-03   0.1677832E-01
  0.9510500E+00   0.4290000E-01   0.4750000E-02   0.1300000E-02   0.2595612E-01
  0.9464000E+00   0.4375000E-01   0.6750000E-02   0.3100000E-02   0.7697190E-01
  0.9520500E+00   0.4130000E-01   0.5400000E-02   0.1250000E-02  -0.2573459E-01
  0.9479000E+00   0.4525000E-01   0.4950000E-02   0.1900000E-02  -0.4410163E-01
  0.9486500E+00   0.4405000E-01   0.5050000E-02   0.2250000E-02   0.4873818E-01
  0.9481000E+00   0.4455000E-01   0.5600000E-02   0.1750000E-02   0.4045261E-01
  0.9531000E+00   0.4150000E-01   0.4050000E-02   0.1350000E-02  -0.1833399E-01
  0.9522000E+00   0.4190000E-01   0.4500000E-02   0.1400000E-02  -0.1843724E-01
  0.9416500E+00   0.4505000E-01   0.7650000E-02   0.5650000E-02   0.1413161E+00
  0.9426500E+00   0.4635000E-01   0.6250000E-02   0.4750000E-02   0.1101145E+00
  0.9479000E+00   0.4360000E-01   0.5900000E-02   0.2600000E-02   0.6194187E-01
  0.9435000E+00   0.4560000E-01   0.6250000E-02   0.4650000E-02   0.1097648E+00
  0.9492000E+00   0.4515000E-01   0.4550000E-02   0.1100000E-02   0.1076189E-01
  0.9506500E+00   0.4360000E-01   0.5000000E-02   0.7500000E-03  -0.3011928E-02
  0.9502000E+00   0.4465000E-01   0.4400000E-02   0.7500000E-03   0.6933207E-04
  0.9504500E+00   0.4445000E-01   0.4200000E-02   0.9000000E-03  -0.9728167E-02
  0.9528500E+00   0.4225000E-01   0.3900000E-02   0.1000000E-02   0.4326803E-02
  0.9528000E+00   0.4300000E-01   0.3450000E-02   0.7500000E-03   0.8820720E-03
  0.9514000E+00   0.4290000E-01   0.4600000E-02   0.1100000E-02  -0.7445412E-02
  0.9481500E+00   0.4555000E-01   0.5200000E-02   0.1100000E-02  -0.3133267E-01
  0.9505000E+00   0.4310000E-01   0.4500000E-02   0.1900000E-02  -0.3117826E-01
  0.9497000E+00   0.4435000E-01   0.4250000E-02   0.1700000E-02  -0.4252441E-01
  0.9502500E+00   0.4355000E-01   0.4650000E-02   0.1550000E-02  -0.3143273E-01
  0.9519500E+00   0.4305000E-01   0.3900000E-02   0.1100000E-02  -0.1684002E-01
  0.9507000E+00   0.4350000E-01   0.4300000E-02   0.1500000E-02  -0.2630257E-01
  0.9492000E+00   0.4350000E-01   0.5350000E-02   0.1950000E-02  -0.5150352E-01
  0.9471500E+00   0.4595000E-01   0.5300000E-02   0.1600000E-02  -0.3584004E-01
  0.9458500E+00   0.4535000E-01   0.5450000E-02   0.3350000E-02  -0.7079215E-01
  0.9487500E+00   0.4585000E-01   0.4500000E-02   0.9000000E-03  -0.6251124E-02
  0.9526500E+00   0.4275000E-01   0.3750000E-02   0.8500000E-03   0.7042333E-02
  0.9531500E+00   0.4100000E-01   0.4650000E-02   0.1200000E-02   0.8152527E-02
  0.9510000E+00   0.4410000E-01   0.3950000E-02   0.9500000E-03  -0.6444149E-03
  0.9514500E+00   0.4235000E-01   0.4500000E-02   0.1700000E-02   0.3257453E-01
  0.9507500E+00   0.4295000E-01   0.4900000E-02   0.1400000E-02   0.3091776E-01
  0.9504500E+00   0.4245000E-01   0.4700000E-02   0.2400000E-02   0.4924516E-01
  0.9517000E+00   0.4370000E-01   0.3950000E-02   0.6500000E-03   0.2798737E-02
  0.9501500E+00   0.4510000E-01   0.3700000E-02   0.1050000E-02   0.1836250E-01
  0.9534500E+00   0.4120000E-01   0.4250000E-02   0.1100000E-02   0.8159778E-02
  0.9515000E+00   0.4295000E-01   0.4150000E-02   0.1400000E-02   0.2160119E-01
  0.9517500E+00   0.4350000E-01   0.3900000E-02   0.8500000E-03   0.2192720E-02
  0.9487500E+00   0.4450000E-01   0.5100000E-02   0.1650000E-02   0.3835514E-01
  0.9507500E+00   0.4265000E-01   0.5300000E-02   0.1300000E-02   0.3573537E-01
  0.9495500E+00   0.4320000E-01   0.4650000E-02   0.2600000E-02   0.5430173E-01
  0.9477500E+00   0.4560000E-01   0.4500000E-02   0.2150000E-02   0.3902162E-01
  0.9488500E+00   0.4415000E-01   0.5500000E-02   0.1500000E-02   0.2442360E-01
  0.9530500E+00   0.4155000E-01   0.4350000E-02   0.1050000E-02   0.1401488E-01
  0.9519000E+00   0.4210000E-01   0.4850000E-02   0.1150000E-02   0.5601699E-02
  0.9480000E+00   0.4620000E-01   0.4250000E-02   0.1550000E-02   0.2376323E-01
  0.9522000E+00   0.4210000E-01   0.4150000E-02   0.1550000E-02  -0.1879629E-01
  0.9437000E+00   0.4430000E-01   0.7600000E-02   0.4400000E-02   0.1139347E+00
  0.9508500E+00   0.4360000E-01   0.4600000E-02   0.9500000E-03  -0.9357586E-02
  0.9523500E+00   0.4215000E-01   0.4200000E-02   0.1300000E-02   0.4787672E-03
  0.9501500E+00   0.4400000E-01   0.4900000E-02   0.9500000E-03  -0.1818646E-01
  0.9481000E+00   0.4560000E-01   0.4900000E-02   0.1400000E-02   0.3235265E-01
  0.9525500E+00   0.4290000E-01   0.3000000E-02   0.1550000E-02  -0.1181872E-01
  0.9527000E+00   0.4220000E-01   0.3700000E-02   0.1400000E-02  -0.3309268E-02
  0.9520000E+00   0.4315000E-01   0.4150000E-02   0.7000000E-03  -0.1653229E-01
  0.9513000E+00   0.4365000E-01   0.3900000E-02   0.1150000E-02   0.1377116E-01
  0.9506000E+00   0.4430000E-01   0.4050000E-02   0.1050000E-02  -0.1041476E-02
  0.9514000E+00   0.4340000E-01   0.4200000E-02   0.1000000E-02  -0.4679082E-02
  0.9522500E+00   0.4245000E-01   0.4350000E-02   0.9500000E-03  -0.4360188E-02
  0.9505000E+00   0.4135000E-01   0.5300000E-02   0.2850000E-02   0.5260620E-01
  0.9526500E+00   0.4190000E-01   0.4450000E-02   0.1000000E-02  -0.1846129E-02
  0.9504000E+00   0.4435000E-01   0.4300000E-02   0.9500000E-03   0.5144177E-02
  0.9513000E+00   0.4345000E-01   0.4000000E-02   0.1250000E-02  -0.2221326E-01
  0.9473000E+00   0.4480000E-01   0.5750000E-02   0.2150000E-02   0.4604507E-01
  0.9515000E+00   0.4230000E-01   0.4650000E-02   0.1550000E-02  -0.3985658E-01
  0.9497500E+00   0.4230000E-01   0.6000000E-02   0.1950000E-02  -0.3097524E-01
  0.9473500E+00   0.4465000E-01   0.5100000E-02   0.2900000E-02  -0.6069164E-01
  0.9508000E+00   0.4375000E-01   0.4400000E-02   0.1050000E-02  -0.3582803E-01
  0.9500000E+00   0.4065000E-01   0.5950000E-02   0.3400000E-02  -0.8925261E-01
  0.9502000E+00   0.4275000E-01   0.5450000E-02   0.1600000E-02  -0.4600555E-01
  0.9460500E+00   0.4655000E-01   0.5550000E-02   0.1850000E-02   0.4729601E-01
  0.9511000E+00   0.4420000E-01   0.3550000E-02   0.1150000E-02  -0.7716893E-02
  0.9504500E+00   0.4380000E-01   0.4500000E-02   0.1250000E-02  -0.1095664E-01
  0.9523000E+00   0.4270000E-01   0.4050000E-02   0.9500000E-03  -0.1229531E-01
  0.9469500E+00   0.4655000E-01   0.4650000E-02   0.1850000E-02  -0.2986981E-01
  0.9503500E+00   0.4445000E-01   0.4250000E-02   0.9500000E-03  -0.1848867E-01
  0.9504000E+00   0.4395000E-01   0.4000000E-02   0.1650000E-02  -0.1141266E-01
  0.9471000E+00   0.4585000E-01   0.4700000E-02   0.2350000E-02  -0.5098261E-01
  0.9465000E+00   0.4650000E-01   0.5250000E-02   0.1750000E-02   0.3930144E-01
  0.9502000E+00   0.4460000E-01   0.4100000E-02   0.1100000E-02   0.1069226E-01
  0.9528500E+00   0.4150000E-01   0.4400000E-02   0.1250000E-02   0.1470745E-01
  0.9513000E+00   0.4085000E-01   0.5650000E-02   0.2200000E-02   0.4897613E-01
  0.9499000E+00   0.4395000E-01   0.5350000E-02   0.8000000E-03   0.3524986E-02
  0.9529000E+00   0.4195000E-01   0.4050000E-02   0.1100000E-02   0.1495920E-01
  0.9528000E+00   0.4235000E-01   0.3900000E-02   0.9500000E-03  -0.3183908E-03
  0.9547500E+00   0.4055000E-01   0.3900000E-02   0.8000000E-03   0.6866365E-02
  0.9495500E+00   0.4495000E-01   0.4500000E-02   0.1000000E-02   0.2455537E-01
  0.9499000E+00   0.4285000E-01   0.5100000E-02   0.2150000E-02  -0.4559824E-01
  0.9484500E+00   0.4275000E-01   0.6050000E-02   0.2750000E-02  -0.7665071E-01
  0.9508000E+00   0.4420000E-01   0.4000000E-02   0.1000000E-02  -0.8989811E-03
  0.9491500E+00   0.4350000E-01   0.5050000E-02   0.2300000E-02  -0.4233060E-01
  0.9515000E+00   0.4220000E-01   0.4600000E-02   0.1700000E-02  -0.4171778E-01
  0.9473500E+00   0.4605000E-01   0.4600000E-02   0.2000000E-02  -0.4427485E-01
  0.9517000E+00   0.4320000E-01   0.4450000E-02   0.6500000E-03  -0.1732779E-01
  0.9381000E+00   0.4565000E-01   0.7200000E-02   0.9050000E-02  -0.2072082E+00
  0.9528000E+00   0.4180000E-01   0.4250000E-02   0.1150000E-02   0.6272045E-02
  0.9509000E+00   0.4275000E-01   0.4750000E-02   0.1600000E-02   0.3711234E-01
  0.9501000E+00   0.4565000E-01   0.3650000E-02   0.6000000E-03  -0.4745942E-02
  0.9470500E+00   0.4455000E-01   0.6550000E-02   0.1850000E-02   0.5395345E-01
  0.9455000E+00   0.4470000E-01   0.6200000E-02   0.3600000E-02   0.7755063E-01
  0.9494500E+00   0.4260000E-01   0.5250000E-02   0.2700000E-02   0.6489606E-01
  0.9478500E+00   0.4265000E-01   0.6900000E-02   0.2600000E-02   0.7207705E-01
  0.9454000E+00   0.4540000E-01   0.6000000E-02   0.3200000E-02   0.7828232E-01
  0.9423000E+00   0.4565000E-01   0.6700000E-02   0.5350000E-02   0.1196889E+00
  0.9510000E+00   0.4350000E-01   0.4050000E-02   0.1450000E-02   0.2010003E-01
  0.9492500E+00   0.4320000E-01   0.5950000E-02   0.1600000E-02   0.4419657E-01
  0.9481000E+00   0.4300000E-01   0.5850000E-02   0.3050000E-02  -0.7384478E-01
  0.9500500E+00   0.4430000E-01   0.4500000E-02   0.1150000E-02  -0.1386461E-01
  0.9503000E+00   0.4455000E-01   0.3850000E-02   0.1300000E-02  -0.1882335E-02
  0.9524500E+00   0.4275000E-01   0.4050000E-02   0.7500000E-03   0.8680231E-02
  0.9523500E+00   0.4225000E-01   0.4600000E-02   0.8000000E-03   0.1254456E-01
  0.9528000E+00   0.4180000E-01   0.4300000E-02   0.1100000E-02   0.2652575E-02
  0.9498500E+00   0.4425000E-01   0.4850000E-02   0.1050000E-02  -0.3762260E-02
  0.9487000E+00   0.4530000E-01   0.5150000E-02   0.8500000E-03   0.9659475E-03
  0.9492000E+00   0.4490000E-01   0.5350000E-02   0.5500000E-03   0.7658206E-03
  0.9530500E+00   0.4120000E-01   0.4250000E-02   0.1500000E-02   0.6395688E-02
  0.9532000E+00   0.4185000E-01   0.3650000E-02   0.1300000E-02  -0.5506879E-02
  0.9510000E+00   0.4230000E-01   0.4600000E-02   0.2100000E-02   0.4572850E-01
  0.9481000E+00   0.4295000E-01   0.6450000E-02   0.2500000E-02   0.6006793E-01
  0.9503000E+00   0.4300000E-01   0.4700000E-02   0.2000000E-02   0.2907174E-01
  0.9420000E+00   0.4565000E-01   0.8300000E-02   0.4050000E-02  -0.9816410E-01
  0.9487500E+00   0.4470000E-01   0.4750000E-02   0.1800000E-02  -0.3408015E-01
  0.9503000E+00   0.4470000E-01   0.3850000E-02   0.1150000E-02   0.2509062E-02
  0.9537000E+00   0.4185000E-01   0.3700000E-02   0.7500000E-03  -0.1023985E-02
  0.9504500E+00   0.4475000E-01   0.3800000E-02   0.1000000E-02   0.2396872E-01
  0.9488000E+00   0.4640000E-01   0.3750000E-02   0.1050000E-02  -0.3599961E-02
  0.9525500E+00   0.4270000E-01   0.3700000E-02   0.1050000E-02  -0.3209878E-02
  0.9473500E+00   0.4345000E-01   0.6350000E-02   0.2850000E-02   0.7662363E-01
  0.9482500E+00   0.4295000E-01   0.5700000E-02   0.3100000E-02   0.8495856E-01
  0.9524000E+00   0.4180000E-01   0.4350000E-02   0.1450000E-02   0.1990460E-01
  0.9457000E+00   0.4640000E-01   0.5250000E-02   0.2650000E-02  -0.6267963E-01
  0.9448500E+00   0.4595000E-01   0.6550000E-02   0.2650000E-02   0.7776608E-01
  0.9505500E+00   0.4315000E-01   0.4800000E-02   0.1500000E-02   0.3314489E-01
  0.9483500E+00   0.4510000E-01   0.4450000E-02   0.2100000E-02   0.4333136E-01
  0.9513500E+00   0.4190000E-01   0.5250000E-02   0.1500000E-02   0.3937081E-01
  0.9510500E+00   0.4335000E-01   0.4400000E-02   0.1200000E-02   0.1688628E-01
  0.9525000E+00   0.4195000E-01   0.4800000E-02   0.7500000E-03   0.4571227E-03
  0.9389500E+00   0.4605000E-01   0.6450000E-02   0.8550000E-02   0.1866459E+00
  0.9482500E+00   0.4440000E-01   0.5300000E-02   0.2050000E-02  -0.4238929E-01
  0.9514000E+00   0.4370000E-01   0.3850000E-02   0.1050000E-02  -0.7840487E-02
  0.9466500E+00   0.4355000E-01   0.6450000E-02   0.3350000E-02   0.8147940E-01
  0.9525500E+00   0.4275000E-01   0.3600000E-02   0.1100000E-02  -0.6433629E-02
  0.9510500E+00   0.4265000E-01   0.5050000E-02   0.1250000E-02   0.4441712E-02
  0.9501000E+00   0.4440000E-01   0.4000000E-02   0.1500000E-02   0.2104096E-01
  0.9543500E+00   0.4085000E-01   0.3950000E-02   0.8500000E-03  -0.1154379E-02
  0.9496000E+00   0.4380000E-01   0.4850000E-02   0.1750000E-02   0.3927569E-01
  0.9522500E+00   0.4215000E-01   0.4500000E-02   0.1100000E-02   0.1309934E-01
  0.9512000E+00   0.4425000E-01   0.3350000E-02   0.1200000E-02   0.1336567E-01
  0.9526500E+00   0.4140000E-01   0.4700000E-02   0.1250000E-02   0.1690674E-01
  0.9521500E+00   0.4225000E-01   0.4850000E-02   0.7500000E-03  -0.1835070E-03
  0.9518500E+00   0.4270000E-01   0.4400000E-02   0.1050000E-02   0.7466958E-03
  0.9518500E+00   0.4275000E-01   0.4200000E-02   0.1200000E-02   0.1853040E-01
  0.9530000E+00   0.4185000E-01   0.4250000E-02   0.9000000E-03   0.9473070E-02
  0.9509500E+00   0.4335000E-01   0.4750000E-02   0.9500000E-03   0.1141740E-01
  0.9510000E+00   0.4395000E-01   0.3950000E-02   0.1100000E-02   0.9615963E-02
  0.9542000E+00   0.4080000E-01   0.3950000E-02   0.1050000E-02   0.4335455E-02
  0.9523000E+00   0.4335000E-01   0.3700000E-02   0.6500000E-03  -0.5833184E-03
  0.9534000E+00   0.4105000E-01   0.4550000E-02   0.1000000E-02   0.1264369E-01
  0.9498000E+00   0.4360000E-01   0.4750000E-02   0.1850000E-02   0.2361118E-01
  0.9221500E+00   0.4700000E-01   0.1100000E-01   0.1985000E-01  -0.4445272E+00
  0.9508000E+00   0.4305000E-01   0.4200000E-02   0.1950000E-02   0.3374072E-01
  0.9469000E+00   0.4560000E-01   0.5250000E-02   0.2250000E-02   0.5220465E-01
  0.9462000E+00   0.4480000E-01   0.5400000E-02   0.3600000E-02   0.7851332E-01
  0.9469000E+00   0.4575000E-01   0.5050000E-02   0.2300000E-02  -0.4351174E-01
  0.9507500E+00   0.4360000E-01   0.4400000E-02   0.1250000E-02  -0.2442959E-02
  0.9480000E+00   0.4560000E-01   0.4550000E-02   0.1850000E-02   0.4249760E-01
  0.9502000E+00   0.4315000E-01   0.5300000E-02   0.1350000E-02   0.3447772E-01
  0.9500500E+00   0.4355000E-01   0.4950000E-02   0.1450000E-02   0.2837854E-01
  0.9427500E+00   0.4585000E-01   0.7250000E-02   0.4150000E-02   0.9985264E-01
  0.9479000E+00   0.4380000E-01   0.5300000E-02   0.3000000E-02   0.6375143E-01
  0.9511000E+00   0.4215000E-01   0.4950000E-02   0.1800000E-02   0.4224023E-01
  0.9477500E+00   0.4550000E-01   0.5000000E-02   0.1750000E-02  -0.4418751E-01
  0.9530500E+00   0.4230000E-01   0.3800000E-02   0.8500000E-03   0.1497738E-01
  0.9510000E+00   0.4180000E-01   0.4900000E-02   0.2300000E-02   0.4206282E-01
  0.9518500E+00   0.4245000E-01   0.4300000E-02   0.1400000E-02  -0.1562240E-01
  0.9500000E+00   0.4290000E-01   0.5000000E-02   0.2100000E-02  -0.4825884E-01
  0.9494000E+00   0.4460000E-01   0.4850000E-02   0.1150000E-02  -0.2349778E-01
  0.9502500E+00   0.4415000E-01   0.4750000E-02   0.8500000E-03  -0.7253516E-02
  0.9503500E+00   0.4390000E-01   0.4700000E-02   0.1050000E-02   0.1668967E-01
  0.9450500E+00   0.4610000E-01   0.5600000E-02   0.3250000E-02   0.7902061E-01
  0.9520500E+00   0.4295000E-01   0.4250000E-02   0.7500000E-03   0.1956228E-01
  0.9516000E+00   0.4155000E-01   0.4650000E-02   0.2200000E-02   0.4595917E-01
  0.9507500E+00   0.4240000E-01   0.4800000E-02   0.2050000E-02  -0.3128019E-01
  0.9500500E+00   0.4360000E-01   0.4200000E-02   0.2150000E-02  -0.3903623E-01
  0.9496000E+00   0.4465000E-01   0.4600000E-02   0.1150000E-02   0.1401187E-03
  0.9482000E+00   0.4255000E-01   0.6650000E-02   0.2600000E-02  -0.7414631E-01
  0.9509500E+00   0.4300000E-01   0.4400000E-02   0.1650000E-02  -0.2766541E-01
  0.9514000E+00   0.4320000E-01   0.4600000E-02   0.8000000E-03  -0.1158167E-01
  0.9529000E+00   0.4220000E-01   0.3550000E-02   0.1350000E-02  -0.2094955E-01
  0.9499500E+00   0.4410000E-01   0.5150000E-02   0.8000000E-03   0.1963868E-01
  0.9521000E+00   0.4260000E-01   0.3750000E-02   0.1550000E-02   0.2581771E-01
  0.9487000E+00   0.4380000E-01   0.5800000E-02   0.1700000E-02   0.4455655E-01
  0.9459500E+00   0.4495000E-01   0.6000000E-02   0.3100000E-02   0.7398289E-01
  0.9565500E+00   0.3930000E-01   0.3500000E-02   0.6500000E-03  -0.6658363E-03
  0.9508000E+00   0.4355000E-01   0.4500000E-02   0.1150000E-02   0.2324631E-01
  0.9515000E+00   0.4285000E-01   0.4350000E-02   0.1300000E-02  -0.3217457E-01
  0.9507500E+00   0.4490000E-01   0.3450000E-02   0.9000000E-03   0.6751645E-02
  0.9440000E+00   0.4625000E-01   0.6100000E-02   0.3650000E-02   0.8166165E-01
  0.9451000E+00   0.4575000E-01   0.5700000E-02   0.3450000E-02   0.7801787E-01
  0.9476500E+00   0.4555000E-01   0.5000000E-02   0.1800000E-02   0.3831923E-01
  0.9498500E+00   0.4355000E-01   0.4900000E-02   0.1700000E-02  -0.4069091E-01
  0.9544000E+00   0.4070000E-01   0.4200000E-02   0.7000000E-03  -0.5264701E-03
  0.9517500E+00   0.4295000E-01   0.4300000E-02   0.1000000E-02  -0.9273393E-02
  0.9503500E+00   0.4360000E-01   0.4400000E-02   0.1650000E-02  -0.2392454E-01
  0.9510500E+00   0.4390000E-01   0.4350000E-02   0.7000000E-03   0.1780361E-01
  0.9546500E+00   0.4110000E-01   0.3000000E-02   0.1250000E-02  -0.9011291E-02
  0.9494000E+00   0.4485000E-01   0.4750000E-02   0.1000000E-02   0.2161413E-01
  0.9491000E+00   0.4530000E-01   0.4200000E-02   0.1400000E-02   0.2439106E-01
  0.9513000E+00   0.4305000E-01   0.4600000E-02   0.1050000E-02   0.1211327E-02
  0.9503000E+00   0.4525000E-01   0.3550000E-02   0.9000000E-03  -0.1318269E-01
  0.9531500E+00   0.4130000E-01   0.4400000E-02   0.1150000E-02  -0.1981590E-01
  0.9524500E+00   0.4210000E-01   0.4300000E-02   0.1150000E-02  -0.2302799E-01
  0.9498000E+00   0.4440000E-01   0.4500000E-02   0.1300000E-02   0.1897933E-01
  0.9507000E+00   0.4405000E-01   0.4150000E-02   0.1100000E-02   0.1333598E-01
  0.9533500E+00   0.4170000E-01   0.3800000E-02   0.1150000E-02   0.1529392E-01
  0.9502500E+00   0.4450000E-01   0.3400000E-02   0.1850000E-02  -0.3192745E-01
  0.9451000E+00   0.4535000E-01   0.6550000E-02   0.3000000E-02  -0.7188032E-01
  0.9511000E+00   0.4170000E-01   0.5450000E-02   0.1750000E-02  -0.3537097E-01
  0.9451000E+00   0.4315000E-01   0.7000000E-02   0.4750000E-02   0.1128280E+00
  0.9513500E+00   0.4315000E-01   0.4150000E-02   0.1350000E-02  -0.1746260E-01
  0.9521500E+00   0.4275000E-01   0.4200000E-02   0.9000000E-03  -0.1383497E-01
  0.9524500E+00   0.4175000E-01   0.4750000E-02   0.1050000E-02  -0.1258622E-01
  0.9499500E+00   0.4410000E-01   0.4300000E-02   0.1650000E-02  -0.2680629E-01
  0.9495500E+00   0.4380000E-01   0.5300000E-02   0.1350000E-02  -0.3849411E-01
  0.9511000E+00   0.4245000E-01   0.4800000E-02   0.1650000E-02  -0.3271771E-01
  0.9517500E+00   0.4295000E-01   0.4200000E-02   0.1100000E-02  -0.1449423E-02
  0.9449000E+00   0.4585000E-01   0.5400000E-02   0.3850000E-02   0.8352097E-01
  0.9530000E+00   0.4200000E-01   0.4150000E-02   0.8500000E-03   0.4089911E-02
  0.9526500E+00   0.4230000E-01   0.4200000E-02   0.8500000E-03  -0.4161929E-03
  0.9496500E+00   0.4470000E-01   0.4400000E-02   0.1250000E-02   0.2440414E-01
  0.9502500E+00   0.4265000E-01   0.5250000E-02   0.1850000E-02   0.2703802E-01
  0.9526000E+00   0.4185000E-01   0.4500000E-02   0.1050000E-02  -0.1227903E-02
  0.9507500E+00   0.4360000E-01   0.4450000E-02   0.1200000E-02   0.1522271E-01
  0.9540000E+00   0.4135000E-01   0.3550000E-02   0.1100000E-02   0.1601594E-01
  0.9531500E+00   0.4150000E-01   0.4400000E-02   0.9500000E-03   0.8080620E-02
  0.9503500E+00   0.4480000E-01   0.3900000E-02   0.9500000E-03   0.7644129E-02
  0.9502000E+00   0.4380000E-01   0.4900000E-02   0.1100000E-02  -0.1652556E-01
  0.9512500E+00   0.4220000E-01   0.4900000E-02   0.1650000E-02   0.2742939E-01
  0.9454500E+00   0.4630000E-01   0.5450000E-02   0.2800000E-02  -0.6339242E-01
  0.9502500E+00   0.4385000E-01   0.4550000E-02   0.1350000E-02  -0.1050275E-01
  0.9415000E+00   0.4690000E-01   0.6650000E-02   0.4950000E-02   0.1124467E+00
  0.9484500E+00   0.4575000E-01   0.4800000E-02   0.1000000E-02   0.1324949E-01
  0.9515000E+00   0.4305000E-01   0.4250000E-02   0.1200000E-02  -0.1665256E-01
  0.9515000E+00   0.4225000E-01   0.4700000E-02   0.1550000E-02  -0.3448433E-01
  0.9488000E+00   0.4430000E-01   0.4950000E-02   0.1950000E-02  -0.3307250E-01
  0.9499000E+00   0.4515000E-01   0.4250000E-02   0.7000000E-03   0.4958066E-02
  0.9504000E+00   0.4375000E-01   0.4550000E-02   0.1300000E-02   0.3179288E-01
  0.9513000E+00   0.4360000E-01   0.3950000E-02   0.1150000E-02   0.1362970E-01
  0.9504500E+00   0.4440000E-01   0.4300000E-02   0.8500000E-03   0.2553244E-02
  0.9482000E+00   0.4440000E-01   0.5350000E-02   0.2050000E-02  -0.5360488E-01
  0.9549500E+00   0.4080000E-01   0.3650000E-02   0.6000000E-03   0.5248284E-02
  0.9520500E+00   0.4265000E-01   0.4250000E-02   0.1050000E-02  -0.9410377E-02
  0.9528500E+00   0.4225000E-01   0.4000000E-02   0.9000000E-03  -0.1689862E-01
  0.9375000E+00   0.4450000E-01   0.8000000E-02   0.1000000E-01   0.2316292E+00
  0.9515500E+00   0.4285000E-01   0.4800000E-02   0.8000000E-03  -0.2796735E-01
  0.9525000E+00   0.4270000E-01   0.3850000E-02   0.9500000E-03  -0.5474106E-02
  0.9516000E+00   0.4355000E-01   0.3600000E-02   0.1250000E-02  -0.1367968E-01
  0.9518000E+00   0.4215000E-01   0.4800000E-02   0.1250000E-02  -0.6791906E-02
  0.9520500E+00   0.4340000E-01   0.3400000E-02   0.1150000E-02   0.4829385E-02
  0.9462000E+00   0.4640000E-01   0.5050000E-02   0.2350000E-02  -0.4122679E-01
  0.9471500E+00   0.4470000E-01   0.5650000E-02   0.2500000E-02   0.6980808E-01
  0.9552500E+00   0.3945000E-01   0.4150000E-02   0.1150000E-02  -0.3887981E-02
  0.9443000E+00   0.4635000E-01   0.6000000E-02   0.3350000E-02  -0.7780570E-01
  0.9529500E+00   0.4120000E-01   0.4750000E-02   0.1100000E-02   0.2902017E-02
  0.9517500E+00   0.4260000E-01   0.4500000E-02   0.1150000E-02  -0.2512972E-01
  0.9461000E+00   0.4440000E-01   0.6000000E-02   0.3500000E-02  -0.7282952E-01
  0.9473000E+00   0.4675000E-01   0.4600000E-02   0.1350000E-02  -0.1918190E-01
  0.9495500E+00   0.4505000E-01   0.4300000E-02   0.1100000E-02   0.1828789E-01
  0.9532000E+00   0.4110000E-01   0.4600000E-02   0.1100000E-02   0.1358324E-02
  0.9508000E+00   0.4340000E-01   0.4500000E-02   0.1300000E-02   0.2800098E-01
  0.9506500E+00   0.4460000E-01   0.3500000E-02   0.1250000E-02   0.1393002E-01
  0.9504500E+00   0.4480000E-01   0.3850000E-02   0.9000000E-03   0.1196192E-01
  0.9492500E+00   0.4350000E-01   0.5250000E-02   0.2000000E-02   0.4127203E-01
  0.9495500E+00   0.4405000E-01   0.5600000E-02   0.8000000E-03   0.2034608E-01
  0.9512500E+00   0.4335000E-01   0.4400000E-02   0.1000000E-02  -0.2358024E-01
  0.9525500E+00   0.4165000E-01   0.4700000E-02   0.1100000E-02  -0.1984996E-01
  0.9520000E+00   0.4255000E-01   0.4350000E-02   0.1100000E-02  -0.2908394E-02
  0.9528000E+00   0.4160000E-01   0.4600000E-02   0.1000000E-02  -0.1498996E-01
  0.9528500E+00   0.4130000E-01   0.4550000E-02   0.1300000E-02   0.1840920E-01
  0.9513000E+00   0.4390000E-01   0.3800000E-02   0.1000000E-02   0.7109451E-02
  0.9503500E+00   0.4345000E-01   0.5150000E-02   0.1050000E-02   0.2471846E-01
  0.9466500E+00   0.4485000E-01   0.6000000E-02   0.2500000E-02  -0.5201722E-01
  0.9534000E+00   0.4080000E-01   0.4350000E-02   0.1450000E-02   0.1777051E-01
  0.9539500E+00   0.4025000E-01   0.4250000E-02   0.1550000E-02   0.2630606E-01
  0.9462500E+00   0.4615000E-01   0.5600000E-02   0.2000000E-02   0.5032044E-01
  0.9512000E+00   0.4350000E-01   0.4550000E-02   0.7500000E-03  -0.1866204E-01
  0.9517000E+00   0.4275000E-01   0.4950000E-02   0.6000000E-03  -0.1502639E-02
  0.9504500E+00   0.4320000E-01   0.4650000E-02   0.1700000E-02  -0.2905518E-01
  0.9504500E+00   0.4450000E-01   0.3650000E-02   0.1400000E-02  -0.1156903E-01
  0.9503500E+00   0.4295000E-01   0.5450000E-02   0.1250000E-02  -0.3610612E-02
  0.9497000E+00   0.4330000E-01   0.5750000E-02   0.1250000E-02   0.2890125E-01
  0.9526500E+00   0.4165000E-01   0.4450000E-02   0.1250000E-02   0.1414626E-01
  0.9512500E+00   0.4375000E-01   0.3800000E-02   0.1200000E-02  -0.2406787E-01
  0.9488000E+00   0.4595000E-01   0.4050000E-02   0.1200000E-02   0.1075173E-01
  0.9506000E+00   0.4355000E-01   0.4650000E-02   0.1200000E-02   0.1973166E-01
  0.9505500E+00   0.4345000E-01   0.4500000E-02   0.1500000E-02   0.3237854E-01
  0.9491500E+00   0.4465000E-01   0.5100000E-02   0.1100000E-02   0.1299054E-01
  0.9517000E+00   0.4250000E-01   0.4550000E-02   0.1250000E-02   0.2068376E-01
  0.9529000E+00   0.4155000E-01   0.4300000E-02   0.1250000E-02  -0.1092900E-01
  0.9519500E+00   0.4345000E-01   0.4050000E-02   0.5500000E-03   0.2854964E-02
  0.9511500E+00   0.4345000E-01   0.4200000E-02   0.1200000E-02  -0.1580433E-01
  0.9519500E+00   0.4230000E-01   0.4750000E-02   0.1000000E-02  -0.1749863E-01
  0.9534000E+00   0.4080000E-01   0.4750000E-02   0.1050000E-02   0.1786990E-01
  0.9513500E+00   0.4335000E-01   0.4500000E-02   0.8000000E-03   0.1834015E-01
  0.9512500E+00   0.4335000E-01   0.4750000E-02   0.6500000E-03   0.1123445E-01
  0.9518500E+00   0.4275000E-01   0.4550000E-02   0.8500000E-03   0.8952428E-02
  0.9467500E+00   0.4340000E-01   0.6400000E-02   0.3450000E-02  -0.7510782E-01
  0.9546500E+00   0.4055000E-01   0.4000000E-02   0.8000000E-03   0.1240120E-01
  0.9482000E+00   0.4610000E-01   0.4100000E-02   0.1600000E-02   0.2828316E-01
  0.9519000E+00   0.4255000E-01   0.4800000E-02   0.7500000E-03  -0.6288461E-02
  0.9513500E+00   0.4310000E-01   0.5050000E-02   0.5000000E-03   0.4190602E-02
  0.9505500E+00   0.4415000E-01   0.4500000E-02   0.8000000E-03   0.1214214E-01
  0.9505500E+00   0.4410000E-01   0.5050000E-02   0.3000000E-03  -0.1219442E-01
  0.9506000E+00   0.4425000E-01   0.3900000E-02   0.1250000E-02   0.7872534E-03
  0.9518000E+00   0.4340000E-01   0.3350000E-02   0.1450000E-02   0.1786166E-01
  0.9502500E+00   0.4370000E-01   0.4100000E-02   0.1950000E-02  -0.4660977E-01
  0.9508000E+00   0.4365000E-01   0.4450000E-02   0.1100000E-02  -0.1054765E-01
  0.9535000E+00   0.4195000E-01   0.3500000E-02   0.1050000E-02   0.1259781E-01
  0.9528000E+00   0.4205000E-01   0.4000000E-02   0.1150000E-02   0.1269122E-01
  0.9490000E+00   0.4480000E-01   0.4450000E-02   0.1750000E-02   0.3857747E-01
  0.9493000E+00   0.4570000E-01   0.3850000E-02   0.1150000E-02  -0.1611154E-01
  0.9310500E+00   0.4635000E-01   0.9150000E-02   0.1345000E-01  -0.3004687E+00
  0.9540000E+00   0.4090000E-01   0.3550000E-02   0.1550000E-02  -0.1470789E-01
  0.9487000E+00   0.4630000E-01   0.4050000E-02   0.9500000E-03  -0.1297029E-01
  0.9511000E+00   0.4295000E-01   0.4650000E-02   0.1300000E-02  -0.1656840E-01
  0.9516500E+00   0.4280000E-01   0.4250000E-02   0.1300000E-02   0.2490154E-01
  0.9506500E+00   0.4255000E-01   0.5150000E-02   0.1650000E-02  -0.3488522E-01
  0.9503500E+00   0.4490000E-01   0.3900000E-02   0.8500000E-03   0.5337378E-02
  0.9523000E+00   0.4255000E-01   0.4000000E-02   0.1150000E-02   0.1266131E-01
  0.9499500E+00   0.4400000E-01   0.4300000E-02   0.1750000E-02  -0.3112076E-01
  0.9445500E+00   0.4760000E-01   0.5800000E-02   0.2050000E-02  -0.5497123E-01
  0.9489500E+00   0.4465000E-01   0.5050000E-02   0.1350000E-02  -0.3329388E-01
  0.9480500E+00   0.4505000E-01   0.5350000E-02   0.1550000E-02  -0.3852867E-01
  0.9481000E+00   0.4480000E-01   0.5050000E-02   0.2050000E-02  -0.4606338E-01
  0.9472500E+00   0.4390000E-01   0.5300000E-02   0.3550000E-02  -0.8245558E-01
  0.9511000E+00   0.4345000E-01   0.4050000E-02   0.1400000E-02  -0.2488491E-01
  0.9518000E+00   0.4155000E-01   0.5350000E-02   0.1300000E-02   0.3451416E-01
  0.9480500E+00   0.4520000E-01   0.5150000E-02   0.1600000E-02   0.2811808E-01
  0.9506500E+00   0.4190000E-01   0.5200000E-02   0.2250000E-02  -0.5558123E-01
  0.9504000E+00   0.4430000E-01   0.4350000E-02   0.9500000E-03   0.4513386E-03
  0.9522000E+00   0.4280000E-01   0.4150000E-02   0.8500000E-03   0.5315866E-02
  0.9368000E+00   0.4735000E-01   0.7950000E-02   0.7900000E-02  -0.1982803E+00
  0.9509500E+00   0.4395000E-01   0.4300000E-02   0.8000000E-03  -0.2903209E-02
  0.9517000E+00   0.4280000E-01   0.4450000E-02   0.1050000E-02  -0.1920633E-01
  0.9488000E+00   0.4385000E-01   0.5300000E-02   0.2050000E-02  -0.3357869E-01
  0.9527500E+00   0.4140000E-01   0.4300000E-02   0.1550000E-02  -0.1604254E-01
  0.9516000E+00   0.4225000E-01   0.5000000E-02   0.1150000E-02  -0.2077223E-01
  0.9498500E+00   0.4435000E-01   0.4550000E-02   0.1250000E-02   0.1796310E-01
  0.9522000E+00   0.4275000E-01   0.3900000E-02   0.1150000E-02   0.1375953E-01
  0.9515500E+00   0.4335000E-01   0.4250000E-02   0.8500000E-03  -0.7995627E-02
  0.9519000E+00   0.4325000E-01   0.4100000E-02   0.7500000E-03   0.7630863E-02
  0.9533000E+00   0.4245000E-01   0.3350000E-02   0.9000000E-03  -0.9757559E-03
  0.9509000E+00   0.4295000E-01   0.4700000E-02   0.1450000E-02   0.3216248E-01
  0.9523000E+00   0.4275000E-01   0.4050000E-02   0.9000000E-03  -0.1009634E-01
  0.9481500E+00   0.4320000E-01   0.5950000E-02   0.2700000E-02  -0.5781991E-01
  0.9515500E+00   0.4210000E-01   0.4750000E-02   0.1600000E-02  -0.3702017E-01
  0.9490500E+00   0.4455000E-01   0.4750000E-02   0.1650000E-02  -0.2015505E-01
  0.9514000E+00   0.4315000E-01   0.4050000E-02   0.1400000E-02  -0.1708134E-01
  0.9511000E+00   0.4320000E-01   0.4100000E-02   0.1600000E-02  -0.1024856E-01
  0.9543500E+00   0.4060000E-01   0.4250000E-02   0.8000000E-03  -0.3109109E-02
  0.9485000E+00   0.4600000E-01   0.4150000E-02   0.1350000E-02  -0.6378359E-03
  0.9534000E+00   0.4185000E-01   0.3700000E-02   0.1050000E-02   0.2226831E-02
  0.9492500E+00   0.4560000E-01   0.4100000E-02   0.1050000E-02   0.1793055E-01
  0.9522000E+00   0.4195000E-01   0.4800000E-02   0.1050000E-02  -0.2013485E-01
  0.9508500E+00   0.4305000E-01   0.5000000E-02   0.1100000E-02  -0.1585066E-01
  0.9517000E+00   0.4290000E-01   0.4100000E-02   0.1300000E-02   0.1112739E-01
  0.9501000E+00   0.4435000E-01   0.4350000E-02   0.1200000E-02   0.1051848E-01
  0.9521500E+00   0.4300000E-01   0.3950000E-02   0.9000000E-03  -0.9567303E-03
  0.9493500E+00   0.4390000E-01   0.5050000E-02   0.1700000E-02   0.3276490E-01
  0.9518500E+00   0.4315000E-01   0.3850000E-02   0.1150000E-02   0.7082152E-02
  0.9494000E+00   0.4420000E-01   0.4650000E-02   0.1750000E-02   0.3025975E-01
  0.9426000E+00   0.4670000E-01   0.6350000E-02   0.4350000E-02   0.8571605E-01
  0.9443500E+00   0.4450000E-01   0.6700000E-02   0.4450000E-02   0.1119846E+00
  0.9336000E+00   0.4825000E-01   0.7850000E-02   0.1030000E-01   0.2269517E+00
  0.9405000E+00   0.4610000E-01   0.7700000E-02   0.5700000E-02   0.1313329E+00
  0.9514500E+00   0.4280000E-01   0.4400000E-02   0.1350000E-02   0.2098884E-01
  0.9494000E+00   0.4410000E-01   0.4900000E-02   0.1600000E-02   0.3390797E-01
  0.9521000E+00   0.4275000E-01   0.4350000E-02   0.8000000E-03  -0.2014994E-01
  0.9510000E+00   0.4400000E-01   0.4150000E-02   0.8500000E-03   0.1486425E-01
  0.9524000E+00   0.4205000E-01   0.4200000E-02   0.1350000E-02  -0.1700043E-01
  0.9504000E+00   0.4300000E-01   0.4800000E-02   0.1800000E-02   0.3474688E-01
  0.9539000E+00   0.4045000E-01   0.4700000E-02   0.9500000E-03  -0.4243125E-02
  0.9492500E+00   0.4480000E-01   0.4450000E-02   0.1500000E-02   0.2633623E-01
  0.9480000E+00   0.4700000E-01   0.3900000E-02   0.1100000E-02   0.5009012E-02
  0.9543500E+00   0.4045000E-01   0.3950000E-02   0.1250000E-02  -0.5000860E-02
  0.9529500E+00   0.4130000E-01   0.4800000E-02   0.9500000E-03   0.1154132E-01
  0.9496500E+00   0.4475000E-01   0.4600000E-02   0.1000000E-02   0.3965593E-02
  0.9471000E+00   0.4695000E-01   0.4950000E-02   0.1000000E-02  -0.3321761E-02
  0.9504500E+00   0.4490000E-01   0.3800000E-02   0.8500000E-03   0.6127371E-02
  0.9524500E+00   0.4275000E-01   0.3700000E-02   0.1100000E-02   0.1905853E-01
  0.9528000E+00   0.4240000E-01   0.3600000E-02   0.1200000E-02  -0.4304991E-02
  0.9455500E+00   0.4660000E-01   0.5150000E-02   0.2700000E-02  -0.4646765E-01
  0.9474500E+00   0.4530000E-01   0.4900000E-02   0.2350000E-02  -0.5012417E-01
  0.9535500E+00   0.4180000E-01   0.3850000E-02   0.8000000E-03   0.5439897E-02
  0.9499000E+00   0.4455000E-01   0.4450000E-02   0.1100000E-02  -0.1747915E-01
  0.9519500E+00   0.4225000E-01   0.4850000E-02   0.9500000E-03  -0.1840907E-02
  0.9501500E+00   0.4290000E-01   0.5500000E-02   0.1450000E-02  -0.2407102E-01
  0.9516000E+00   0.4240000E-01   0.4750000E-02   0.1250000E-02   0.1411620E-02
  0.9480000E+00   0.4490000E-01   0.4950000E-02   0.2150000E-02  -0.4797356E-01
  0.9521500E+00   0.4305000E-01   0.3850000E-02   0.9500000E-03  -0.7130707E-02
  0.9551500E+00   0.3975000E-01   0.4350000E-02   0.7500000E-03  -0.3773302E-02
  0.9541000E+00   0.4110000E-01   0.4100000E-02   0.7000000E-03  -0.3014849E-02
  0.9507000E+00   0.4460000E-01   0.3200000E-02   0.1500000E-02  -0.2796140E-01
  0.9531000E+00   0.4145000E-01   0.4200000E-02   0.1250000E-02   0.6422288E-02
  0.9502000E+00   0.4375000E-01   0.4750000E-02   0.1300000E-02  -0.8325059E-02
  0.9525000E+00   0.4135000E-01   0.4200000E-02   0.1950000E-02  -0.4014963E-01
  0.9542000E+00   0.4010000E-01   0.3800000E-02   0.1900000E-02  -0.2741912E-01
  0.9365500E+00   0.4710000E-01   0.7300000E-02   0.9050000E-02  -0.1975467E+00
  0.9471500E+00   0.4615000E-01   0.4600000E-02   0.2100000E-02  -0.4573491E-01
  0.9479000E+00   0.4565000E-01   0.4500000E-02   0.1950000E-02  -0.3757990E-01
  0.9524000E+00   0.4160000E-01   0.4600000E-02   0.1400000E-02  -0.2373858E-01
  0.9512500E+00   0.4425000E-01   0.4000000E-02   0.5000000E-03  -0.4247276E-02
  0.9527500E+00   0.4200000E-01   0.4100000E-02   0.1150000E-02  -0.1826775E-02
  0.9501500E+00   0.4390000E-01   0.4250000E-02   0.1700000E-02  -0.5187542E-01
  0.9442500E+00   0.4350000E-01   0.6550000E-02   0.5700000E-02   0.1252401E+00
  0.9527000E+00   0.4155000E-01   0.4500000E-02   0.1250000E-02  -0.2218123E-01
  0.9518000E+00   0.4335000E-01   0.4050000E-02   0.8000000E-03  -0.1139274E-02
  0.9539500E+00   0.4070000E-01   0.4550000E-02   0.8000000E-03   0.5964870E-02
  0.9514000E+00   0.4415000E-01   0.3700000E-02   0.7500000E-03  -0.1084756E-01
  0.9498500E+00   0.4335000E-01   0.5150000E-02   0.1650000E-02  -0.3639170E-01
  0.9478000E+00   0.4545000E-01   0.5050000E-02   0.1700000E-02  -0.4506396E-01
  0.9481000E+00   0.4530000E-01   0.5050000E-02   0.1550000E-02  -0.3533141E-01
  0.9512000E+00   0.4360000E-01   0.4250000E-02   0.9500000E-03  -0.2145225E-02
  0.9502500E+00   0.4440000E-01   0.4400000E-02   0.9500000E-03  -0.2295315E-01
  0.9497000E+00   0.4550000E-01   0.3800000E-02   0.1000000E-02  -0.1236352E-01
  0.9533000E+00   0.4135000E-01   0.4200000E-02   0.1150000E-02  -0.1936531E-01
  0.9505500E+00   0.4365000E-01   0.4500000E-02   0.1300000E-02  -0.2505375E-01
  0.9442000E+00   0.4530000E-01   0.6750000E-02   0.3750000E-02  -0.9030091E-01
  0.9313500E+00   0.4585000E-01   0.8550000E-02   0.1425000E-01  -0.3174690E+00
  0.9542000E+00   0.4155000E-01   0.3300000E-02   0.9500000E-03   0.1270654E-01
  0.9539000E+00   0.4140000E-01   0.3900000E-02   0.8000000E-03   0.4001744E-02
  0.9515000E+00   0.4275000E-01   0.4650000E-02   0.1100000E-02   0.1857337E-02
  0.9501500E+00   0.4450000E-01   0.4750000E-02   0.6000000E-03   0.7047011E-02
  0.9508000E+00   0.4445000E-01   0.3900000E-02   0.8500000E-03   0.1178095E-01
  0.9514000E+00   0.4365000E-01   0.3700000E-02   0.1250000E-02   0.2166817E-01
  0.9487500E+00   0.4595000E-01   0.4350000E-02   0.9500000E-03  -0.3580854E-02
  0.9533000E+00   0.4175000E-01   0.3700000E-02   0.1250000E-02   0.4434488E-02
  0.9532500E+00   0.4155000E-01   0.4200000E-02   0.1000000E-02   0.7815754E-02
  0.9526500E+00   0.4185000E-01   0.4750000E-02   0.7500000E-03  -0.1139906E-02
  0.9520500E+00   0.4320000E-01   0.4000000E-02   0.7500000E-03  -0.6131555E-02
  0.9525000E+00   0.4225000E-01   0.4500000E-02   0.7500000E-03  -0.3279477E-02
  0.9522000E+00   0.4165000E-01   0.5350000E-02   0.8000000E-03  -0.2684570E-02
  0.9508000E+00   0.4440000E-01   0.3750000E-02   0.1050000E-02   0.7061637E-02
  0.9510000E+00   0.4360000E-01   0.4300000E-02   0.1100000E-02   0.1509361E-01
  0.9504500E+00   0.4275000E-01   0.5200000E-02   0.1600000E-02   0.2693673E-01
  0.9550000E+00   0.4025000E-01   0.3700000E-02   0.1050000E-02  -0.9625903E-02
  0.9526500E+00   0.4275000E-01   0.3500000E-02   0.1100000E-02   0.3029115E-02
  0.9526500E+00   0.4190000E-01   0.4150000E-02   0.1300000E-02   0.8935514E-02
  0.9512500E+00   0.4370000E-01   0.3800000E-02   0.1250000E-02   0.7642894E-02
  0.9547500E+00   0.3970000E-01   0.4700000E-02   0.8500000E-03   0.1098819E-02
  0.9519000E+00   0.4280000E-01   0.4450000E-02   0.8500000E-03  -0.1163390E-01
  0.9522500E+00   0.4190000E-01   0.4600000E-02   0.1250000E-02   0.4653785E-02
  0.9505000E+00   0.4395000E-01   0.4500000E-02   0.1050000E-02  -0.3809835E-02
  0.9498000E+00   0.4460000E-01   0.4700000E-02   0.9000000E-03   0.1725407E-02
  0.9537500E+00   0.4120000E-01   0.4300000E-02   0.7500000E-03  -0.7088232E-03
  0.9547000E+00   0.4060000E-01   0.3950000E-02   0.7500000E-03  -0.5683094E-02
  0.9490500E+00   0.4495000E-01   0.4700000E-02   0.1300000E-02  -0.2933826E-01
  0.9499000E+00   0.4490000E-01   0.3850000E-02   0.1350000E-02  -0.5850995E-02
  0.9511500E+00   0.4390000E-01   0.4000000E-02   0.9500000E-03  -0.2857577E-02
  0.9515500E+00   0.4355000E-01   0.4000000E-02   0.9000000E-03   0.1796107E-02
  0.9503000E+00   0.4415000E-01   0.4350000E-02   0.1200000E-02   0.7619558E-02
  0.9528500E+00   0.4245000E-01   0.3600000E-02   0.1100000E-02   0.1740971E-01
  0.9521500E+00   0.4200000E-01   0.4650000E-02   0.1200000E-02   0.3283533E-02
  0.9514500E+00   0.4310000E-01   0.4500000E-02   0.9500000E-03   0.1318254E-01
  0.9507500E+00   0.4395000E-01   0.4200000E-02   0.1100000E-02   0.1677735E-01
  0.9484000E+00   0.4510000E-01   0.4450000E-02   0.2050000E-02   0.4045665E-01
  0.9508500E+00   0.4140000E-01   0.5000000E-02   0.2750000E-02   0.3591901E-01
  0.9481000E+00   0.4480000E-01   0.4600000E-02   0.2500000E-02  -0.5234805E-01
  0.9493000E+00   0.4560000E-01   0.4000000E-02   0.1100000E-02  -0.2470684E-01
  0.9499000E+00   0.4430000E-01   0.4650000E-02   0.1150000E-02  -0.1708539E-01
  0.9513500E+00   0.4260000E-01   0.4600000E-02   0.1450000E-02   0.2222567E-01
  0.9506500E+00   0.4395000E-01   0.4000000E-02   0.1400000E-02  -0.5930380E-03
