           PIP1            PIP2            PIP3            PIP4           alpha
  0.9510500E+00   0.4315000E-01   0.5050000E-02   0.7500000E-03  -0.1121596E-01
  0.9513500E+00   0.4300000E-01   0.4500000E-02   0.1150000E-02  -0.1959600E-01
  0.9527000E+00   0.4170000E-01   0.4400000E-02   0.1200000E-02  -0.1304328E-01
  0.9515000E+00   0.4260000E-01   0.4550000E-02   0.1350000E-02   0.2695169E-01
  0.9529500E+00   0.4230000E-01   0.3850000E-02   0.9000000E-03   0.2702465E-01
  0.9524000E+00   0.4125000E-01   0.4400000E-02   0.1950000E-02  -0.3924982E-01
  0.9529000E+00   0.4110000E-01   0.4900000E-02   0.1100000E-02  -0.1224467E-01
  0.9547500E+00   0.4055000E-01   0.3700000E-02   0.1000000E-02   0.6968738E-02
  0.9485500E+00   0.4580000E-01   0.4350000E-02   0.1300000E-02   0.2915253E-01
  0.9515000E+00   0.4285000E-01   0.4200000E-02   0.1450000E-02   0.1953175E-01
  0.9528000E+00   0.4280000E-01   0.3700000E-02   0.7000000E-03  -0.5307997E-02
  0.9555500E+00   0.3945000E-01   0.4250000E-02   0.7500000E-03  -0.1086468E-01
  0.9522000E+00   0.4250000E-01   0.4250000E-02   0.1050000E-02  -0.2361998E-01
  0.9534000E+00   0.4025000E-01   0.4850000E-02   0.1500000E-02  -0.3919116E-01
  0.9496500E+00   0.4110000E-01   0.5950000E-02   0.3300000E-02  -0.7325987E-01
  0.9537500E+00   0.4235000E-01   0.3100000E-02   0.8000000E-03  -0.6696379E-02
  0.9519000E+00   0.4180000E-01   0.5050000E-02   0.1250000E-02   0.1386448E-01
  0.9461000E+00   0.4500000E-01   0.5850000E-02   0.3050000E-02  -0.7120481E-01
  0.9523000E+00   0.4035000E-01   0.5700000E-02   0.1650000E-02  -0.4220410E-01
  0.9524500E+00   0.4155000E-01   0.4750000E-02   0.1250000E-02   0.7490872E-02
  0.9531000E+00   0.4155000E-01   0.4600000E-02   0.7500000E-03   0.7401906E-02
  0.9511000E+00   0.4325000E-01   0.4200000E-02   0.1450000E-02   0.8078677E-02
  0.9511000E+00   0.4345000E-01   0.4350000E-02   0.1100000E-02  -0.1448446E-01
  0.9544000E+00   0.4045000E-01   0.3850000E-02   0.1300000E-02  -0.1456812E-01
  0.9533500E+00   0.4110000E-01   0.4400000E-02   0.1150000E-02   0.1644608E-01
  0.9485500E+00   0.4375000E-01   0.6150000E-02   0.1550000E-02   0.3098226E-01
  0.9467500E+00   0.4515000E-01   0.5400000E-02   0.2700000E-02   0.6599666E-01
  0.9531000E+00   0.4140000E-01   0.3700000E-02   0.1800000E-02  -0.3193587E-01
  0.9511000E+00   0.4305000E-01   0.4250000E-02   0.1600000E-02  -0.3741823E-01
  0.9493500E+00   0.4260000E-01   0.5800000E-02   0.2250000E-02   0.6178022E-01
  0.9488500E+00   0.4290000E-01   0.6250000E-02   0.2000000E-02   0.4810025E-01
  0.9498000E+00   0.4280000E-01   0.6150000E-02   0.1250000E-02  -0.3199091E-01
  0.9505500E+00   0.4305000E-01   0.4950000E-02   0.1450000E-02  -0.2424893E-01
  0.9405000E+00   0.4600000E-01   0.7300000E-02   0.6200000E-02   0.1392533E+00
  0.9443000E+00   0.4415000E-01   0.6700000E-02   0.4850000E-02   0.1193147E+00
  0.9484500E+00   0.4230000E-01   0.6250000E-02   0.3000000E-02   0.6162402E-01
  0.9445500E+00   0.4415000E-01   0.7450000E-02   0.3850000E-02   0.1060371E+00
  0.9519500E+00   0.4185000E-01   0.5150000E-02   0.1050000E-02   0.1584493E-01
  0.9532500E+00   0.4100000E-01   0.4450000E-02   0.1300000E-02   0.1022200E-02
  0.9503500E+00   0.4385000E-01   0.4300000E-02   0.1500000E-02   0.9860282E-03
  0.9531000E+00   0.4160000E-01   0.4200000E-02   0.1100000E-02  -0.8174907E-02
  0.9533000E+00   0.4220000E-01   0.3650000E-02   0.8500000E-03  -0.4269810E-02
  0.9539000E+00   0.4115000E-01   0.4200000E-02   0.7500000E-03  -0.5189373E-02
  0.9521500E+00   0.4225000E-01   0.4400000E-02   0.1200000E-02  -0.8880307E-02
  0.9511500E+00   0.4275000E-01   0.5100000E-02   0.1000000E-02  -0.2146106E-01
  0.9518500E+00   0.4195000E-01   0.4750000E-02   0.1450000E-02  -0.3486092E-01
  0.9507500E+00   0.4240000E-01   0.5450000E-02   0.1400000E-02  -0.2779785E-01
  0.9526500E+00   0.4060000E-01   0.5000000E-02   0.1750000E-02  -0.3195740E-01
  0.9501500E+00   0.4370000E-01   0.4650000E-02   0.1500000E-02  -0.1760466E-01
  0.9528500E+00   0.4100000E-01   0.4600000E-02   0.1550000E-02  -0.2880605E-01
  0.9462500E+00   0.4555000E-01   0.5700000E-02   0.2500000E-02  -0.5119325E-01
  0.9523000E+00   0.4135000E-01   0.4850000E-02   0.1500000E-02  -0.3903818E-01
  0.9503500E+00   0.4125000E-01   0.6100000E-02   0.2300000E-02  -0.6228218E-01
  0.9524000E+00   0.4240000E-01   0.3750000E-02   0.1450000E-02   0.8332513E-03
  0.9510000E+00   0.4360000E-01   0.4100000E-02   0.1300000E-02   0.1956170E-03
  0.9527000E+00   0.4215000E-01   0.3900000E-02   0.1250000E-02   0.6852647E-02
  0.9552500E+00   0.3960000E-01   0.4100000E-02   0.1050000E-02   0.8328212E-04
  0.9484500E+00   0.4420000E-01   0.5100000E-02   0.2250000E-02   0.4062888E-01
  0.9502000E+00   0.4385000E-01   0.4850000E-02   0.1100000E-02   0.2344271E-01
  0.9462500E+00   0.4475000E-01   0.6350000E-02   0.2650000E-02   0.5957942E-01
  0.9510000E+00   0.4275000E-01   0.4950000E-02   0.1300000E-02   0.1198734E-01
  0.9529000E+00   0.4180000E-01   0.4300000E-02   0.1000000E-02   0.2417688E-01
  0.9513000E+00   0.4310000E-01   0.4600000E-02   0.1000000E-02   0.1619198E-01
  0.9499500E+00   0.4410000E-01   0.4400000E-02   0.1550000E-02   0.1867590E-01
  0.9522000E+00   0.4245000E-01   0.4700000E-02   0.6500000E-03  -0.2206883E-02
  0.9518000E+00   0.4185000E-01   0.4900000E-02   0.1450000E-02   0.3689758E-01
  0.9531500E+00   0.4060000E-01   0.4600000E-02   0.1650000E-02   0.3526368E-01
  0.9475500E+00   0.4425000E-01   0.5850000E-02   0.2350000E-02   0.5430341E-01
  0.9519000E+00   0.4085000E-01   0.5200000E-02   0.2050000E-02   0.3998794E-01
  0.9518000E+00   0.4135000E-01   0.5250000E-02   0.1600000E-02   0.2458329E-01
  0.9538000E+00   0.4005000E-01   0.4900000E-02   0.1250000E-02   0.1737503E-01
  0.9547500E+00   0.4020000E-01   0.3850000E-02   0.1200000E-02   0.8590105E-02
  0.9525500E+00   0.4115000E-01   0.5100000E-02   0.1200000E-02   0.1836804E-01
  0.9519000E+00   0.4255000E-01   0.4300000E-02   0.1250000E-02  -0.1162572E-01
  0.9448500E+00   0.4415000E-01   0.6750000E-02   0.4250000E-02   0.9979409E-01
  0.9491500E+00   0.4510000E-01   0.4650000E-02   0.1100000E-02  -0.3703718E-02
  0.9548500E+00   0.3970000E-01   0.4800000E-02   0.6500000E-03   0.6687686E-03
  0.9524000E+00   0.4270000E-01   0.4100000E-02   0.8000000E-03  -0.1339625E-01
  0.9521500E+00   0.4210000E-01   0.4150000E-02   0.1600000E-02   0.3393460E-01
  0.9519500E+00   0.4345000E-01   0.3650000E-02   0.9500000E-03   0.1407384E-03
  0.9542500E+00   0.4010000E-01   0.4600000E-02   0.1050000E-02  -0.7503137E-02
  0.9530000E+00   0.4150000E-01   0.4200000E-02   0.1300000E-02  -0.2369808E-01
  0.9552000E+00   0.3925000E-01   0.4200000E-02   0.1350000E-02   0.1071440E-01
  0.9498000E+00   0.4440000E-01   0.4500000E-02   0.1300000E-02   0.3009758E-02
  0.9526500E+00   0.4170000E-01   0.4400000E-02   0.1250000E-02   0.1453012E-03
  0.9525000E+00   0.4185000E-01   0.4500000E-02   0.1150000E-02  -0.8509844E-02
  0.9475000E+00   0.4360000E-01   0.6450000E-02   0.2450000E-02   0.6793123E-01
  0.9507000E+00   0.4465000E-01   0.3700000E-02   0.9500000E-03  -0.1029489E-01
  0.9525000E+00   0.4275000E-01   0.3650000E-02   0.1100000E-02   0.6453674E-03
  0.9521000E+00   0.4245000E-01   0.4150000E-02   0.1300000E-02  -0.1504153E-01
  0.9485500E+00   0.4450000E-01   0.4800000E-02   0.2150000E-02   0.4248512E-01
  0.9544000E+00   0.3960000E-01   0.4550000E-02   0.1450000E-02  -0.2982615E-01
  0.9503500E+00   0.4230000E-01   0.5500000E-02   0.1850000E-02  -0.3702099E-01
  0.9472000E+00   0.4385000E-01   0.6100000E-02   0.2850000E-02  -0.6590131E-01
  0.9484000E+00   0.4515000E-01   0.5050000E-02   0.1400000E-02  -0.3657457E-01
  0.9434500E+00   0.4630000E-01   0.6700000E-02   0.3550000E-02  -0.9108633E-01
  0.9497000E+00   0.4395000E-01   0.4650000E-02   0.1700000E-02  -0.4455782E-01
  0.9465500E+00   0.4595000E-01   0.5100000E-02   0.2400000E-02   0.5087561E-01
  0.9535500E+00   0.4185000E-01   0.3350000E-02   0.1250000E-02  -0.5537590E-02
  0.9539000E+00   0.4125000E-01   0.3950000E-02   0.9000000E-03  -0.5423241E-02
  0.9520500E+00   0.4255000E-01   0.4400000E-02   0.1000000E-02  -0.2050258E-01
  0.9531500E+00   0.4110000E-01   0.4500000E-02   0.1250000E-02  -0.2031891E-01
  0.9501500E+00   0.4415000E-01   0.4700000E-02   0.1000000E-02  -0.1552775E-01
  0.9512000E+00   0.4295000E-01   0.4500000E-02   0.1350000E-02  -0.2229376E-01
  0.9518500E+00   0.4075000E-01   0.5600000E-02   0.1800000E-02  -0.3587719E-01
  0.9527500E+00   0.4050000E-01   0.4700000E-02   0.2050000E-02   0.3623488E-01
  0.9512500E+00   0.4275000E-01   0.4450000E-02   0.1550000E-02   0.9153321E-02
  0.9478500E+00   0.4660000E-01   0.4650000E-02   0.9000000E-03   0.1063710E-01
  0.9476000E+00   0.4545000E-01   0.5200000E-02   0.1750000E-02   0.4307432E-01
  0.9519500E+00   0.4265000E-01   0.4500000E-02   0.9000000E-03   0.2693664E-03
  0.9524000E+00   0.4190000E-01   0.4800000E-02   0.9000000E-03   0.1110075E-01
  0.9501500E+00   0.4485000E-01   0.4250000E-02   0.7500000E-03   0.2776580E-02
  0.9520000E+00   0.4290000E-01   0.4050000E-02   0.1050000E-02   0.8013321E-02
  0.9512500E+00   0.4300000E-01   0.4850000E-02   0.9000000E-03   0.2907643E-01
  0.9502000E+00   0.4245000E-01   0.5000000E-02   0.2350000E-02  -0.4783489E-01
  0.9473500E+00   0.4330000E-01   0.6200000E-02   0.3150000E-02  -0.6967609E-01
  0.9532000E+00   0.4140000E-01   0.4500000E-02   0.9000000E-03   0.3872533E-02
  0.9492500E+00   0.4365000E-01   0.5550000E-02   0.1550000E-02  -0.3465684E-01
  0.9506500E+00   0.4300000E-01   0.4650000E-02   0.1700000E-02  -0.3947654E-01
  0.9508500E+00   0.4185000E-01   0.5450000E-02   0.1850000E-02  -0.4294715E-01
  0.9523500E+00   0.4275000E-01   0.3900000E-02   0.1000000E-02  -0.1418003E-01
  0.9401500E+00   0.4245000E-01   0.8200000E-02   0.9200000E-02  -0.2040501E+00
  0.9531000E+00   0.4155000E-01   0.4000000E-02   0.1350000E-02   0.9209492E-02
  0.9505000E+00   0.4320000E-01   0.4950000E-02   0.1350000E-02   0.2980298E-01
  0.9567500E+00   0.3810000E-01   0.4350000E-02   0.8000000E-03  -0.8982864E-02
  0.9508000E+00   0.4170000E-01   0.5050000E-02   0.2450000E-02   0.5706562E-01
  0.9490500E+00   0.4100000E-01   0.6600000E-02   0.3350000E-02   0.8144165E-01
  0.9487000E+00   0.4205000E-01   0.5850000E-02   0.3400000E-02   0.7520650E-01
  0.9476500E+00   0.4390000E-01   0.5500000E-02   0.2950000E-02   0.6521978E-01
  0.9467500E+00   0.4345000E-01   0.5950000E-02   0.3850000E-02   0.9089239E-01
  0.9398000E+00   0.4680000E-01   0.7850000E-02   0.5550000E-02   0.1300032E+00
  0.9529000E+00   0.4110000E-01   0.4900000E-02   0.1100000E-02   0.2368490E-01
  0.9533500E+00   0.3940000E-01   0.5500000E-02   0.1750000E-02   0.3762248E-01
  0.9465500E+00   0.4420000E-01   0.6250000E-02   0.3000000E-02  -0.7208639E-01
  0.9519000E+00   0.4230000E-01   0.4550000E-02   0.1250000E-02  -0.1135736E-01
  0.9507000E+00   0.4450000E-01   0.4350000E-02   0.4500000E-03  -0.2828974E-02
  0.9550500E+00   0.4025000E-01   0.3700000E-02   0.1000000E-02   0.9347560E-02
  0.9510000E+00   0.4430000E-01   0.3750000E-02   0.9500000E-03   0.5051227E-02
  0.9539500E+00   0.4025000E-01   0.4800000E-02   0.1000000E-02  -0.2548338E-02
  0.9520500E+00   0.4305000E-01   0.4050000E-02   0.8500000E-03  -0.1122767E-01
  0.9539500E+00   0.4070000E-01   0.4900000E-02   0.4500000E-03  -0.1042228E-02
  0.9547000E+00   0.3950000E-01   0.4350000E-02   0.1450000E-02   0.1191208E-02
  0.9508000E+00   0.4370000E-01   0.4400000E-02   0.1100000E-02   0.1048743E-01
  0.9506000E+00   0.4360000E-01   0.4800000E-02   0.1000000E-02  -0.7542270E-02
  0.9516000E+00   0.4220000E-01   0.5000000E-02   0.1200000E-02   0.3921538E-01
  0.9514000E+00   0.4075000E-01   0.5700000E-02   0.2150000E-02   0.4569676E-01
  0.9523000E+00   0.4160000E-01   0.4900000E-02   0.1200000E-02   0.2516840E-01
  0.9463000E+00   0.4260000E-01   0.6450000E-02   0.4650000E-02  -0.9289740E-01
  0.9507000E+00   0.4290000E-01   0.4950000E-02   0.1450000E-02  -0.2445496E-01
  0.9528000E+00   0.4220000E-01   0.4000000E-02   0.1000000E-02   0.1001474E-01
  0.9539000E+00   0.4130000E-01   0.4000000E-02   0.8000000E-03  -0.4916469E-02
  0.9475500E+00   0.4575000E-01   0.5600000E-02   0.1100000E-02   0.2449470E-01
  0.9527000E+00   0.4285000E-01   0.3600000E-02   0.8500000E-03   0.1759836E-02
  0.9533000E+00   0.4190000E-01   0.3450000E-02   0.1350000E-02  -0.3976848E-02
  0.9440500E+00   0.4600000E-01   0.6650000E-02   0.3300000E-02   0.7864115E-01
  0.9432500E+00   0.4580000E-01   0.7200000E-02   0.3750000E-02   0.9596820E-01
  0.9512000E+00   0.4285000E-01   0.4700000E-02   0.1250000E-02   0.1766113E-01
  0.9496000E+00   0.4215000E-01   0.5500000E-02   0.2750000E-02  -0.6848713E-01
  0.9483000E+00   0.4265000E-01   0.6500000E-02   0.2550000E-02   0.7052766E-01
  0.9488000E+00   0.4390000E-01   0.5400000E-02   0.1900000E-02   0.3441576E-01
  0.9516000E+00   0.4180000E-01   0.5050000E-02   0.1550000E-02   0.3854047E-01
  0.9531000E+00   0.4115000E-01   0.4400000E-02   0.1350000E-02   0.3578523E-01
  0.9540000E+00   0.4030000E-01   0.4850000E-02   0.8500000E-03   0.6685824E-02
  0.9517500E+00   0.4305000E-01   0.4150000E-02   0.1050000E-02   0.5246163E-02
  0.9396000E+00   0.4450000E-01   0.7850000E-02   0.8050000E-02   0.1927409E+00
  0.9541500E+00   0.3895000E-01   0.5150000E-02   0.1750000E-02  -0.4282137E-01
  0.9523500E+00   0.4195000E-01   0.4700000E-02   0.1000000E-02  -0.1024408E-01
  0.9474500E+00   0.4330000E-01   0.6400000E-02   0.2850000E-02   0.7071366E-01
  0.9525000E+00   0.4255000E-01   0.3750000E-02   0.1200000E-02  -0.1154802E-01
  0.9531500E+00   0.4225000E-01   0.3450000E-02   0.1150000E-02   0.1797698E-02
  0.9507500E+00   0.4285000E-01   0.5000000E-02   0.1400000E-02   0.1773039E-01
  0.9541000E+00   0.4095000E-01   0.3900000E-02   0.1050000E-02   0.4192461E-02
  0.9521500E+00   0.4095000E-01   0.5150000E-02   0.1750000E-02   0.4129672E-01
  0.9530000E+00   0.4225000E-01   0.3650000E-02   0.1100000E-02   0.3233132E-02
  0.9552500E+00   0.3995000E-01   0.3900000E-02   0.9000000E-03   0.8842463E-02
  0.9519500E+00   0.4165000E-01   0.4900000E-02   0.1500000E-02   0.1593384E-01
  0.9538000E+00   0.4135000E-01   0.3550000E-02   0.1300000E-02  -0.1248865E-02
  0.9549000E+00   0.3950000E-01   0.4650000E-02   0.9500000E-03   0.6011886E-02
  0.9513500E+00   0.4350000E-01   0.4600000E-02   0.5500000E-03   0.1429141E-01
  0.9504500E+00   0.4410000E-01   0.4750000E-02   0.7000000E-03   0.1247514E-01
  0.9507500E+00   0.4415000E-01   0.3700000E-02   0.1400000E-02   0.8097960E-03
  0.9530500E+00   0.4185000E-01   0.4000000E-02   0.1100000E-02   0.1209114E-01
  0.9537500E+00   0.4175000E-01   0.4100000E-02   0.4000000E-03   0.4143094E-02
  0.9508000E+00   0.4290000E-01   0.4750000E-02   0.1550000E-02   0.1599670E-02
  0.9542500E+00   0.4140000E-01   0.3250000E-02   0.1100000E-02   0.1477414E-01
  0.9495500E+00   0.4450000E-01   0.4550000E-02   0.1400000E-02   0.2438517E-01
  0.9255500E+00   0.4415000E-01   0.1030000E-01   0.2000000E-01  -0.4422217E+00
  0.9519000E+00   0.4200000E-01   0.4550000E-02   0.1550000E-02   0.3113873E-01
  0.9501500E+00   0.4295000E-01   0.5150000E-02   0.1750000E-02   0.3804860E-01
  0.9456000E+00   0.4265000E-01   0.7550000E-02   0.4200000E-02   0.9645603E-01
  0.9483500E+00   0.4385000E-01   0.5350000E-02   0.2450000E-02  -0.4943543E-01
  0.9537500E+00   0.4145000E-01   0.4050000E-02   0.7500000E-03  -0.7332813E-02
  0.9508500E+00   0.4165000E-01   0.5450000E-02   0.2050000E-02   0.4724639E-01
  0.9529500E+00   0.3940000E-01   0.6250000E-02   0.1400000E-02   0.3203245E-01
  0.9506500E+00   0.4335000E-01   0.4800000E-02   0.1200000E-02   0.2921553E-01
  0.9455500E+00   0.4385000E-01   0.5350000E-02   0.5250000E-02   0.1071033E+00
  0.9465000E+00   0.4590000E-01   0.5150000E-02   0.2450000E-02   0.5279063E-01
  0.9501000E+00   0.4280000E-01   0.5450000E-02   0.1650000E-02   0.4331861E-01
  0.9531000E+00   0.3975000E-01   0.5100000E-02   0.2050000E-02  -0.4635358E-01
  0.9528500E+00   0.4195000E-01   0.4350000E-02   0.8500000E-03   0.1207983E-01
  0.9502000E+00   0.4320000E-01   0.4550000E-02   0.2050000E-02   0.3919485E-01
  0.9499500E+00   0.4525000E-01   0.3900000E-02   0.9000000E-03  -0.4734148E-02
  0.9488000E+00   0.4330000E-01   0.5800000E-02   0.2100000E-02  -0.4937761E-01
  0.9502000E+00   0.4375000E-01   0.4400000E-02   0.1650000E-02  -0.2354459E-01
  0.9528500E+00   0.4175000E-01   0.4250000E-02   0.1150000E-02  -0.1649010E-01
  0.9508500E+00   0.4220000E-01   0.5400000E-02   0.1550000E-02   0.3445119E-01
  0.9484500E+00   0.4260000E-01   0.5650000E-02   0.3300000E-02   0.7768212E-01
  0.9509500E+00   0.4375000E-01   0.4400000E-02   0.9000000E-03   0.4193774E-02
  0.9478500E+00   0.4355000E-01   0.6400000E-02   0.2200000E-02   0.6122251E-01
  0.9490500E+00   0.4500000E-01   0.4600000E-02   0.1350000E-02  -0.2811202E-01
  0.9507000E+00   0.4265000E-01   0.4450000E-02   0.2200000E-02  -0.4538394E-01
  0.9528000E+00   0.4235000E-01   0.4050000E-02   0.8000000E-03  -0.9660109E-02
  0.9457500E+00   0.4310000E-01   0.7900000E-02   0.3250000E-02  -0.8281312E-01
  0.9509500E+00   0.4275000E-01   0.4550000E-02   0.1750000E-02  -0.3219042E-01
  0.9521000E+00   0.4205000E-01   0.4950000E-02   0.9000000E-03  -0.1141536E-01
  0.9520500E+00   0.4130000E-01   0.5500000E-02   0.1150000E-02  -0.1821080E-01
  0.9519500E+00   0.4265000E-01   0.4500000E-02   0.9000000E-03   0.1927555E-01
  0.9533500E+00   0.4095000E-01   0.4400000E-02   0.1300000E-02   0.1668925E-01
  0.9472500E+00   0.4435000E-01   0.5700000E-02   0.2700000E-02   0.6456167E-01
  0.9489500E+00   0.4195000E-01   0.5950000E-02   0.3150000E-02   0.6394428E-01
  0.9535000E+00   0.4085000E-01   0.4550000E-02   0.1100000E-02  -0.5202818E-02
  0.9502000E+00   0.4225000E-01   0.5600000E-02   0.1950000E-02   0.2362607E-01
  0.9530000E+00   0.4185000E-01   0.4000000E-02   0.1150000E-02  -0.2420686E-01
  0.9551500E+00   0.4020000E-01   0.3650000E-02   0.1000000E-02   0.3888487E-02
  0.9462000E+00   0.4450000E-01   0.4850000E-02   0.4450000E-02   0.8995402E-01
  0.9457500E+00   0.4415000E-01   0.5900000E-02   0.4200000E-02   0.8362803E-01
  0.9527000E+00   0.4145000E-01   0.4550000E-02   0.1300000E-02   0.3430533E-01
  0.9499500E+00   0.4315000E-01   0.5450000E-02   0.1450000E-02  -0.3652914E-01
  0.9504000E+00   0.4395000E-01   0.4800000E-02   0.8500000E-03  -0.3208937E-02
  0.9524500E+00   0.4290000E-01   0.3900000E-02   0.7500000E-03  -0.1634952E-03
  0.9526500E+00   0.4125000E-01   0.4800000E-02   0.1300000E-02  -0.2090855E-01
  0.9540000E+00   0.4045000E-01   0.4550000E-02   0.1000000E-02   0.1992315E-01
  0.9529500E+00   0.4265000E-01   0.3800000E-02   0.6000000E-03  -0.2209146E-02
  0.9525000E+00   0.4140000E-01   0.4900000E-02   0.1200000E-02   0.1904510E-01
  0.9510500E+00   0.4235000E-01   0.5200000E-02   0.1400000E-02   0.2314808E-01
  0.9527500E+00   0.4200000E-01   0.3900000E-02   0.1350000E-02   0.5982393E-02
  0.9516000E+00   0.4315000E-01   0.3800000E-02   0.1450000E-02  -0.2001773E-01
  0.9508000E+00   0.4350000E-01   0.4350000E-02   0.1350000E-02  -0.2202891E-01
  0.9517000E+00   0.4195000E-01   0.5300000E-02   0.1050000E-02  -0.2369885E-01
  0.9512000E+00   0.4205000E-01   0.5250000E-02   0.1500000E-02   0.2430797E-01
  0.9531500E+00   0.4120000E-01   0.4400000E-02   0.1250000E-02   0.1534788E-01
  0.9532000E+00   0.4075000E-01   0.4300000E-02   0.1750000E-02   0.2816892E-01
  0.9526000E+00   0.4105000E-01   0.4750000E-02   0.1600000E-02  -0.2937232E-01
  0.9470500E+00   0.4415000E-01   0.6200000E-02   0.2600000E-02  -0.6160507E-01
  0.9527500E+00   0.4070000E-01   0.4850000E-02   0.1700000E-02  -0.3482977E-01
  0.9424500E+00   0.4625000E-01   0.7150000E-02   0.4150000E-02   0.1086452E+00
  0.9529000E+00   0.4145000E-01   0.4500000E-02   0.1150000E-02  -0.1207316E-01
  0.9537500E+00   0.4065000E-01   0.4550000E-02   0.1050000E-02  -0.1580261E-01
  0.9525500E+00   0.4190000E-01   0.4300000E-02   0.1250000E-02  -0.9644637E-02
  0.9528000E+00   0.4110000E-01   0.4550000E-02   0.1550000E-02  -0.2465994E-01
  0.9517000E+00   0.4175000E-01   0.5150000E-02   0.1400000E-02  -0.3349528E-01
  0.9504500E+00   0.4330000E-01   0.4800000E-02   0.1450000E-02  -0.3733156E-01
  0.9549000E+00   0.3935000E-01   0.4600000E-02   0.1150000E-02   0.3744951E-02
  0.9455500E+00   0.4475000E-01   0.5750000E-02   0.3950000E-02   0.9147245E-01
  0.9503000E+00   0.4440000E-01   0.4650000E-02   0.6500000E-03  -0.1089544E-02
  0.9527000E+00   0.4075000E-01   0.5200000E-02   0.1350000E-02  -0.2364370E-02
  0.9499000E+00   0.4375000E-01   0.5300000E-02   0.1050000E-02   0.2129555E-01
  0.9539500E+00   0.4085000E-01   0.4300000E-02   0.9000000E-03   0.2186551E-01
  0.9530500E+00   0.4080000E-01   0.5100000E-02   0.1050000E-02   0.1278208E-02
  0.9538000E+00   0.4150000E-01   0.3500000E-02   0.1200000E-02   0.1109838E-01
  0.9504000E+00   0.4395000E-01   0.4700000E-02   0.9500000E-03   0.6136335E-02
  0.9531000E+00   0.4230000E-01   0.3650000E-02   0.9500000E-03   0.9857520E-02
  0.9530000E+00   0.4140000E-01   0.4450000E-02   0.1150000E-02   0.3983764E-02
  0.9516500E+00   0.4205000E-01   0.4950000E-02   0.1350000E-02  -0.1405918E-01
  0.9524000E+00   0.4170000E-01   0.4450000E-02   0.1450000E-02   0.2018544E-01
  0.9469000E+00   0.4595000E-01   0.5500000E-02   0.1650000E-02  -0.5018311E-01
  0.9525500E+00   0.4220000E-01   0.4350000E-02   0.9000000E-03  -0.8020897E-02
  0.9462500E+00   0.4345000E-01   0.6800000E-02   0.3500000E-02   0.9657207E-01
  0.9531000E+00   0.4180000E-01   0.4350000E-02   0.7500000E-03   0.7968367E-02
  0.9514000E+00   0.4265000E-01   0.4800000E-02   0.1150000E-02  -0.1786116E-01
  0.9504000E+00   0.4260000E-01   0.5700000E-02   0.1300000E-02  -0.2846702E-01
  0.9486500E+00   0.4495000E-01   0.5000000E-02   0.1400000E-02  -0.3038814E-01
  0.9518500E+00   0.4280000E-01   0.4400000E-02   0.9500000E-03   0.1917281E-01
  0.9506000E+00   0.4320000E-01   0.4850000E-02   0.1350000E-02   0.3369668E-01
  0.9507500E+00   0.4395000E-01   0.4150000E-02   0.1150000E-02   0.1363385E-01
  0.9504500E+00   0.4345000E-01   0.4950000E-02   0.1150000E-02   0.4564303E-02
  0.9490000E+00   0.4315000E-01   0.5750000E-02   0.2100000E-02  -0.4630395E-01
  0.9531500E+00   0.4115000E-01   0.4900000E-02   0.8000000E-03   0.3659330E-02
  0.9525500E+00   0.4220000E-01   0.4350000E-02   0.9000000E-03  -0.1111220E-01
  0.9503000E+00   0.4360000E-01   0.5050000E-02   0.1050000E-02  -0.1738211E-01
  0.9385000E+00   0.4490000E-01   0.6800000E-02   0.9800000E-02   0.2318024E+00
  0.9525000E+00   0.4200000E-01   0.4750000E-02   0.7500000E-03  -0.1701857E-01
  0.9543500E+00   0.3940000E-01   0.5000000E-02   0.1250000E-02  -0.1125770E-01
  0.9515500E+00   0.4260000E-01   0.4700000E-02   0.1150000E-02  -0.7306158E-02
  0.9519500E+00   0.4290000E-01   0.4450000E-02   0.7000000E-03  -0.9107120E-02
  0.9522000E+00   0.4175000E-01   0.5350000E-02   0.7000000E-03  -0.1190403E-02
  0.9470000E+00   0.4580000E-01   0.5050000E-02   0.2150000E-02  -0.4718140E-01
  0.9512500E+00   0.4025000E-01   0.5950000E-02   0.2550000E-02   0.5842627E-01
  0.9502000E+00   0.4355000E-01   0.4900000E-02   0.1350000E-02   0.1166151E-02
  0.9464500E+00   0.4490000E-01   0.5800000E-02   0.2850000E-02  -0.7151131E-01
  0.9533500E+00   0.4135000E-01   0.4550000E-02   0.7500000E-03  -0.3476735E-02
  0.9519500E+00   0.4185000E-01   0.4200000E-02   0.2000000E-02  -0.2216580E-01
  0.9461000E+00   0.4405000E-01   0.5900000E-02   0.3950000E-02  -0.9065203E-01
  0.9502500E+00   0.4330000E-01   0.5100000E-02   0.1350000E-02  -0.1839571E-01
  0.9533000E+00   0.4220000E-01   0.3650000E-02   0.8500000E-03   0.8702140E-02
  0.9502500E+00   0.4455000E-01   0.4250000E-02   0.9500000E-03  -0.4674734E-02
  0.9508500E+00   0.4250000E-01   0.4750000E-02   0.1900000E-02   0.3512833E-01
  0.9529000E+00   0.4200000E-01   0.3550000E-02   0.1550000E-02   0.1938963E-01
  0.9514000E+00   0.4260000E-01   0.4700000E-02   0.1300000E-02   0.1781871E-01
  0.9523500E+00   0.4130000E-01   0.4650000E-02   0.1700000E-02   0.2886879E-01
  0.9510000E+00   0.4305000E-01   0.5050000E-02   0.9000000E-03   0.2150999E-01
  0.9521000E+00   0.4235000E-01   0.4550000E-02   0.1000000E-02  -0.1670279E-01
  0.9548500E+00   0.3970000E-01   0.4200000E-02   0.1250000E-02  -0.1337249E-01
  0.9545500E+00   0.4055000E-01   0.3950000E-02   0.9500000E-03   0.8519239E-02
  0.9534000E+00   0.4050000E-01   0.5000000E-02   0.1100000E-02  -0.2431318E-01
  0.9508500E+00   0.4360000E-01   0.4500000E-02   0.1050000E-02   0.1986922E-01
  0.9518500E+00   0.4255000E-01   0.4500000E-02   0.1100000E-02   0.4226169E-02
  0.9507000E+00   0.4300000E-01   0.4700000E-02   0.1600000E-02   0.2484785E-01
  0.9477500E+00   0.4460000E-01   0.5600000E-02   0.2050000E-02  -0.4350147E-01
  0.9495000E+00   0.4380000E-01   0.5600000E-02   0.1100000E-02   0.2069856E-01
  0.9498500E+00   0.4430000E-01   0.4250000E-02   0.1600000E-02   0.2441264E-01
  0.9498500E+00   0.4330000E-01   0.5050000E-02   0.1800000E-02   0.4721380E-01
  0.9509000E+00   0.4360000E-01   0.4050000E-02   0.1450000E-02  -0.1643077E-01
  0.9542000E+00   0.4005000E-01   0.4600000E-02   0.1150000E-02  -0.4580569E-02
  0.9499500E+00   0.4345000E-01   0.4750000E-02   0.1850000E-02  -0.3350456E-01
  0.9521500E+00   0.4245000E-01   0.4300000E-02   0.1100000E-02  -0.1602345E-01
  0.9535000E+00   0.4065000E-01   0.4950000E-02   0.9000000E-03  -0.6232128E-02
  0.9531500E+00   0.4080000E-01   0.4950000E-02   0.1100000E-02   0.2063900E-01
  0.9536500E+00   0.3975000E-01   0.5100000E-02   0.1500000E-02   0.1782455E-01
  0.9508500E+00   0.4345000E-01   0.4800000E-02   0.9000000E-03  -0.2453778E-01
  0.9509000E+00   0.4370000E-01   0.4450000E-02   0.9500000E-03   0.5024220E-02
  0.9519000E+00   0.4255000E-01   0.4300000E-02   0.1250000E-02   0.1187000E-01
  0.9500000E+00   0.4395000E-01   0.4350000E-02   0.1700000E-02   0.2843645E-01
  0.9547000E+00   0.3935000E-01   0.4800000E-02   0.1150000E-02   0.2102814E-01
  0.9515000E+00   0.4240000E-01   0.5200000E-02   0.9000000E-03   0.1287698E-01
  0.9562000E+00   0.3840000E-01   0.4450000E-02   0.9500000E-03  -0.1125391E-01
  0.9533500E+00   0.4115000E-01   0.4500000E-02   0.1000000E-02   0.1558764E-03
  0.9525500E+00   0.4200000E-01   0.4200000E-02   0.1250000E-02  -0.2958210E-01
  0.9533500E+00   0.4050000E-01   0.5000000E-02   0.1150000E-02  -0.2320057E-01
  0.9518000E+00   0.4330000E-01   0.3850000E-02   0.1050000E-02   0.1335010E-01
  0.9507500E+00   0.4375000E-01   0.4150000E-02   0.1350000E-02   0.1843930E-01
  0.9541500E+00   0.4090000E-01   0.4250000E-02   0.7000000E-03   0.9087623E-02
  0.9516000E+00   0.4275000E-01   0.4550000E-02   0.1100000E-02   0.4070394E-02
  0.9501000E+00   0.4080000E-01   0.6250000E-02   0.2850000E-02  -0.6726641E-01
  0.9495000E+00   0.4525000E-01   0.4400000E-02   0.8500000E-03   0.8849698E-02
  0.9529000E+00   0.4140000E-01   0.4750000E-02   0.9500000E-03   0.2025989E-01
  0.9542000E+00   0.4030000E-01   0.4300000E-02   0.1200000E-02  -0.2285656E-02
  0.9540000E+00   0.4115000E-01   0.3700000E-02   0.1150000E-02   0.1185074E-01
  0.9523500E+00   0.4280000E-01   0.4300000E-02   0.5500000E-03   0.1285224E-01
  0.9531000E+00   0.4165000E-01   0.4350000E-02   0.9000000E-03  -0.1452734E-01
  0.9484000E+00   0.4560000E-01   0.4950000E-02   0.1050000E-02   0.3153369E-02
  0.9524000E+00   0.4160000E-01   0.4600000E-02   0.1400000E-02   0.1660761E-01
  0.9519500E+00   0.4130000E-01   0.4900000E-02   0.1850000E-02  -0.4063775E-01
  0.9544000E+00   0.4040000E-01   0.4500000E-02   0.7000000E-03  -0.9470681E-02
  0.9539000E+00   0.4125000E-01   0.4250000E-02   0.6000000E-03   0.2122699E-01
  0.9547000E+00   0.3940000E-01   0.4450000E-02   0.1450000E-02   0.9621900E-02
  0.9502000E+00   0.4295000E-01   0.4950000E-02   0.1900000E-02   0.3561191E-01
  0.9529000E+00   0.4150000E-01   0.4650000E-02   0.9500000E-03  -0.1549325E-01
  0.9293500E+00   0.4715000E-01   0.9250000E-02   0.1425000E-01  -0.3228931E+00
  0.9520000E+00   0.4210000E-01   0.4200000E-02   0.1700000E-02  -0.2713621E-01
  0.9522000E+00   0.4145000E-01   0.5000000E-02   0.1350000E-02  -0.2240529E-01
  0.9530000E+00   0.4170000E-01   0.4200000E-02   0.1100000E-02  -0.1653451E-01
  0.9523000E+00   0.4145000E-01   0.5250000E-02   0.1000000E-02   0.2148585E-01
  0.9522000E+00   0.4020000E-01   0.5300000E-02   0.2300000E-02  -0.3975663E-01
  0.9502000E+00   0.4345000E-01   0.5250000E-02   0.1100000E-02   0.4046381E-02
  0.9515000E+00   0.4285000E-01   0.4450000E-02   0.1200000E-02   0.1467669E-01
  0.9540000E+00   0.4045000E-01   0.4350000E-02   0.1200000E-02  -0.2137655E-01
  0.9491000E+00   0.4310000E-01   0.5650000E-02   0.2150000E-02  -0.5148090E-01
  0.9503500E+00   0.4255000E-01   0.5400000E-02   0.1700000E-02  -0.3375988E-01
  0.9491000E+00   0.4295000E-01   0.6300000E-02   0.1650000E-02  -0.3559822E-01
  0.9494500E+00   0.4310000E-01   0.5550000E-02   0.1900000E-02  -0.3827229E-01
  0.9458000E+00   0.4430000E-01   0.6350000E-02   0.3550000E-02  -0.8637560E-01
  0.9488500E+00   0.4475000E-01   0.4900000E-02   0.1500000E-02  -0.2645446E-01
  0.9511000E+00   0.4270000E-01   0.4550000E-02   0.1650000E-02   0.2938067E-01
  0.9512500E+00   0.4190000E-01   0.5150000E-02   0.1700000E-02   0.3006990E-01
  0.9506500E+00   0.4160000E-01   0.6000000E-02   0.1750000E-02  -0.5317360E-01
  0.9550500E+00   0.4030000E-01   0.4150000E-02   0.5000000E-03   0.8591721E-02
  0.9552500E+00   0.3980000E-01   0.4050000E-02   0.9000000E-03   0.5116162E-02
  0.9386000E+00   0.4445000E-01   0.8600000E-02   0.8350000E-02  -0.1967246E+00
  0.9519500E+00   0.4230000E-01   0.4850000E-02   0.9000000E-03   0.1773690E-02
  0.9529500E+00   0.4050000E-01   0.5600000E-02   0.9500000E-03  -0.1387296E-01
  0.9518000E+00   0.4140000E-01   0.4950000E-02   0.1850000E-02  -0.3059629E-01
  0.9513000E+00   0.4285000E-01   0.4750000E-02   0.1100000E-02  -0.1564436E-01
  0.9497000E+00   0.4400000E-01   0.4750000E-02   0.1550000E-02  -0.1860556E-01
  0.9534500E+00   0.4075000E-01   0.4550000E-02   0.1250000E-02   0.2349773E-01
  0.9527000E+00   0.4130000E-01   0.4800000E-02   0.1200000E-02   0.1837142E-01
  0.9518000E+00   0.4265000E-01   0.4650000E-02   0.9000000E-03  -0.1608013E-01
  0.9522000E+00   0.4210000E-01   0.4850000E-02   0.8500000E-03   0.1151181E-01
  0.9522500E+00   0.4305000E-01   0.3550000E-02   0.1150000E-02   0.1046370E-03
  0.9526000E+00   0.4005000E-01   0.5650000E-02   0.1700000E-02   0.3968819E-01
  0.9517500E+00   0.4340000E-01   0.3700000E-02   0.1150000E-02  -0.1284830E-01
  0.9470000E+00   0.4415000E-01   0.5850000E-02   0.3000000E-02  -0.6526273E-01
  0.9519500E+00   0.4200000E-01   0.4450000E-02   0.1600000E-02  -0.3048553E-01
  0.9510500E+00   0.4295000E-01   0.4550000E-02   0.1450000E-02  -0.2426212E-01
  0.9519500E+00   0.4285000E-01   0.4100000E-02   0.1100000E-02  -0.1771086E-01
  0.9543500E+00   0.4030000E-01   0.4300000E-02   0.1050000E-02  -0.1380198E-01
  0.9549000E+00   0.4020000E-01   0.4000000E-02   0.9000000E-03  -0.4528523E-02
  0.9526500E+00   0.4235000E-01   0.3900000E-02   0.1100000E-02   0.2449339E-02
  0.9546500E+00   0.4055000E-01   0.4000000E-02   0.8000000E-03   0.8046103E-03
  0.9512500E+00   0.4315000E-01   0.4600000E-02   0.1000000E-02   0.1831717E-01
  0.9520500E+00   0.4295000E-01   0.4100000E-02   0.9000000E-03  -0.8570198E-02
  0.9515000E+00   0.4295000E-01   0.4300000E-02   0.1250000E-02  -0.1003078E-01
  0.9522500E+00   0.4180000E-01   0.4200000E-02   0.1750000E-02   0.1620386E-01
  0.9517500E+00   0.4245000E-01   0.4750000E-02   0.1050000E-02   0.1443732E-01
  0.9513000E+00   0.4335000E-01   0.4200000E-02   0.1150000E-02  -0.2382268E-02
  0.9521000E+00   0.4175000E-01   0.4700000E-02   0.1450000E-02   0.2874727E-01
  0.9534500E+00   0.4150000E-01   0.3900000E-02   0.1150000E-02   0.9990387E-03
  0.9518500E+00   0.4190000E-01   0.4500000E-02   0.1750000E-02   0.3260873E-01
  0.9450500E+00   0.4580000E-01   0.5250000E-02   0.3900000E-02   0.8835748E-01
  0.9446500E+00   0.4445000E-01   0.6650000E-02   0.4250000E-02   0.9803851E-01
  0.9356500E+00   0.4490000E-01   0.9200000E-02   0.1025000E-01   0.2381924E+00
  0.9416500E+00   0.4520000E-01   0.5850000E-02   0.7300000E-02   0.1512860E+00
  0.9518000E+00   0.4310000E-01   0.4000000E-02   0.1100000E-02   0.2119608E-01
  0.9493500E+00   0.4310000E-01   0.5800000E-02   0.1750000E-02   0.3654545E-01
  0.9513000E+00   0.4240000E-01   0.5100000E-02   0.1200000E-02  -0.1965493E-01
  0.9531500E+00   0.4185000E-01   0.3950000E-02   0.1050000E-02   0.1444317E-01
  0.9559000E+00   0.3855000E-01   0.4450000E-02   0.1100000E-02  -0.1745850E-01
  0.9495500E+00   0.4410000E-01   0.4450000E-02   0.1900000E-02   0.3624969E-01
  0.9528500E+00   0.4275000E-01   0.3450000E-02   0.9500000E-03  -0.2405354E-02
  0.9540500E+00   0.4025000E-01   0.4550000E-02   0.1150000E-02   0.2766548E-01
  0.9533500E+00   0.4150000E-01   0.3850000E-02   0.1300000E-02  -0.2922097E-02
  0.9507500E+00   0.4430000E-01   0.4050000E-02   0.9000000E-03  -0.9206858E-02
  0.9514500E+00   0.4365000E-01   0.4000000E-02   0.9000000E-03   0.9015633E-02
  0.9528500E+00   0.4180000E-01   0.4450000E-02   0.9000000E-03   0.6255373E-02
  0.9514500E+00   0.4235000E-01   0.5050000E-02   0.1150000E-02  -0.7731445E-02
  0.9549000E+00   0.3915000E-01   0.4950000E-02   0.1000000E-02   0.1884666E-02
  0.9527000E+00   0.4190000E-01   0.4400000E-02   0.1000000E-02   0.2303508E-01
  0.9515000E+00   0.4295000E-01   0.4700000E-02   0.8500000E-03  -0.8846541E-02
  0.9474000E+00   0.4510000E-01   0.5600000E-02   0.1900000E-02  -0.4143014E-01
  0.9512500E+00   0.4110000E-01   0.5100000E-02   0.2550000E-02  -0.4472990E-01
  0.9540000E+00   0.4045000E-01   0.4700000E-02   0.8500000E-03   0.1090713E-01
  0.9543000E+00   0.4095000E-01   0.3700000E-02   0.1050000E-02  -0.1155117E-01
  0.9519000E+00   0.4265000E-01   0.4450000E-02   0.1000000E-02   0.3641217E-02
  0.9516000E+00   0.4325000E-01   0.3950000E-02   0.1200000E-02  -0.2666415E-01
  0.9519500E+00   0.4230000E-01   0.4800000E-02   0.9500000E-03   0.6519237E-04
  0.9530000E+00   0.4035000E-01   0.4900000E-02   0.1750000E-02  -0.4035906E-01
  0.9522000E+00   0.4255000E-01   0.4100000E-02   0.1150000E-02  -0.1526237E-02
  0.9526500E+00   0.4180000E-01   0.4400000E-02   0.1150000E-02  -0.5164958E-02
  0.9524500E+00   0.4255000E-01   0.4000000E-02   0.1000000E-02  -0.7382127E-02
  0.9513000E+00   0.4370000E-01   0.4150000E-02   0.8500000E-03  -0.1681935E-01
  0.9516000E+00   0.4325000E-01   0.4250000E-02   0.9000000E-03   0.4510985E-02
  0.9542000E+00   0.4050000E-01   0.4350000E-02   0.9500000E-03  -0.3805151E-02
  0.9512000E+00   0.4235000E-01   0.5050000E-02   0.1400000E-02  -0.3283078E-01
  0.9511000E+00   0.4380000E-01   0.4050000E-02   0.1050000E-02  -0.2553344E-01
  0.9399500E+00   0.4270000E-01   0.8700000E-02   0.8650000E-02  -0.1938844E+00
  0.9514500E+00   0.4170000E-01   0.4950000E-02   0.1900000E-02  -0.3743498E-01
  0.9507500E+00   0.4275000E-01   0.5300000E-02   0.1200000E-02  -0.2409091E-01
  0.9503500E+00   0.4330000E-01   0.5150000E-02   0.1200000E-02  -0.2614765E-01
  0.9504500E+00   0.4340000E-01   0.5000000E-02   0.1150000E-02  -0.9634227E-02
  0.9520000E+00   0.4300000E-01   0.4200000E-02   0.8000000E-03   0.3791071E-02
  0.9478000E+00   0.4455000E-01   0.5500000E-02   0.2150000E-02  -0.5685881E-01
  0.9422000E+00   0.4510000E-01   0.7450000E-02   0.5250000E-02   0.1284710E+00
  0.9544000E+00   0.4090000E-01   0.3950000E-02   0.7500000E-03  -0.1916064E-01
  0.9524000E+00   0.4210000E-01   0.4200000E-02   0.1300000E-02   0.1762276E-03
  0.9529000E+00   0.4300000E-01   0.3550000E-02   0.5500000E-03   0.1074790E-03
  0.9523000E+00   0.4300000E-01   0.3850000E-02   0.8500000E-03  -0.9235917E-02
  0.9517500E+00   0.4165000E-01   0.5000000E-02   0.1600000E-02  -0.3711912E-01
  0.9500000E+00   0.4200000E-01   0.5950000E-02   0.2050000E-02  -0.4845884E-01
  0.9508500E+00   0.4215000E-01   0.5350000E-02   0.1650000E-02  -0.3647798E-01
  0.9561500E+00   0.3850000E-01   0.4700000E-02   0.6500000E-03   0.1615321E-02
  0.9528500E+00   0.4120000E-01   0.4400000E-02   0.1550000E-02  -0.2499692E-01
  0.9541500E+00   0.4050000E-01   0.4300000E-02   0.1050000E-02  -0.1530254E-01
  0.9527000E+00   0.4145000E-01   0.4550000E-02   0.1300000E-02  -0.1730779E-01
  0.9537500E+00   0.4065000E-01   0.4300000E-02   0.1300000E-02  -0.2835536E-01
  0.9455000E+00   0.4420000E-01   0.7100000E-02   0.3200000E-02  -0.8693447E-01
  0.9334000E+00   0.4495000E-01   0.8900000E-02   0.1275000E-01  -0.2918371E+00
  0.9527000E+00   0.4240000E-01   0.4150000E-02   0.7500000E-03   0.1202492E-01
  0.9542500E+00   0.4015000E-01   0.4350000E-02   0.1250000E-02   0.7735917E-02
  0.9544000E+00   0.4065000E-01   0.4250000E-02   0.7000000E-03   0.3631501E-02
  0.9522500E+00   0.4265000E-01   0.3800000E-02   0.1300000E-02   0.9695360E-02
  0.9537000E+00   0.4095000E-01   0.4200000E-02   0.1150000E-02   0.1188294E-01
  0.9526000E+00   0.4125000E-01   0.4800000E-02   0.1350000E-02   0.2243805E-01
  0.9522000E+00   0.4280000E-01   0.3900000E-02   0.1100000E-02  -0.4589788E-02
  0.9508000E+00   0.4405000E-01   0.4400000E-02   0.7500000E-03   0.1015676E-01
  0.9526000E+00   0.4250000E-01   0.4150000E-02   0.7500000E-03   0.1253603E-02
  0.9517000E+00   0.4275000E-01   0.4000000E-02   0.1550000E-02  -0.8387132E-02
  0.9538000E+00   0.4150000E-01   0.3800000E-02   0.9000000E-03  -0.6170988E-02
  0.9525000E+00   0.4155000E-01   0.4750000E-02   0.1200000E-02  -0.8078256E-02
  0.9508500E+00   0.4255000E-01   0.5350000E-02   0.1250000E-02  -0.4694421E-02
  0.9514500E+00   0.4390000E-01   0.3900000E-02   0.7500000E-03   0.2819147E-03
  0.9517500E+00   0.4275000E-01   0.4450000E-02   0.1050000E-02   0.2446782E-01
  0.9512500E+00   0.4200000E-01   0.5100000E-02   0.1650000E-02   0.2691266E-01
  0.9543500E+00   0.4085000E-01   0.3800000E-02   0.1000000E-02  -0.6979009E-02
  0.9546000E+00   0.4080000E-01   0.3850000E-02   0.7500000E-03   0.3894634E-02
  0.9536000E+00   0.4090000E-01   0.4450000E-02   0.1050000E-02   0.9337461E-02
  0.9534000E+00   0.4085000E-01   0.4700000E-02   0.1050000E-02   0.9057019E-02
  0.9548500E+00   0.3975000E-01   0.4250000E-02   0.1150000E-02   0.3607079E-02
  0.9542000E+00   0.4080000E-01   0.3600000E-02   0.1400000E-02  -0.7770097E-02
  0.9500500E+00   0.4400000E-01   0.4950000E-02   0.1000000E-02   0.5873867E-02
  0.9517000E+00   0.4305000E-01   0.4250000E-02   0.1000000E-02  -0.1336463E-01
  0.9517000E+00   0.4260000E-01   0.4750000E-02   0.9500000E-03   0.3346560E-02
  0.9523500E+00   0.4265000E-01   0.4000000E-02   0.1000000E-02  -0.3129630E-02
  0.9545500E+00   0.4100000E-01   0.3800000E-02   0.6500000E-03  -0.8975288E-02
  0.9520500E+00   0.4165000E-01   0.5000000E-02   0.1300000E-02  -0.1857159E-01
  0.9502000E+00   0.4470000E-01   0.4050000E-02   0.1050000E-02  -0.2160737E-02
  0.9522500E+00   0.4210000E-01   0.4300000E-02   0.1350000E-02  -0.1126585E-01
  0.9534500E+00   0.4205000E-01   0.3750000E-02   0.7500000E-03  -0.2453258E-02
  0.9529000E+00   0.4185000E-01   0.4300000E-02   0.9500000E-03   0.2060434E-02
  0.9525000E+00   0.4195000E-01   0.4100000E-02   0.1450000E-02   0.1528741E-01
  0.9552500E+00   0.4045000E-01   0.3450000E-02   0.8500000E-03   0.6942811E-02
  0.9511000E+00   0.4290000E-01   0.4500000E-02   0.1500000E-02   0.1981072E-01
  0.9532000E+00   0.4195000E-01   0.4200000E-02   0.6500000E-03   0.1409981E-01
  0.9505500E+00   0.4255000E-01   0.4450000E-02   0.2450000E-02   0.3951641E-01
  0.9544500E+00   0.3925000E-01   0.4850000E-02   0.1450000E-02   0.2356708E-01
  0.9498000E+00   0.4240000E-01   0.5900000E-02   0.1900000E-02  -0.4971194E-01
  0.9535500E+00   0.4050000E-01   0.4500000E-02   0.1450000E-02  -0.1586687E-01
  0.9520000E+00   0.4255000E-01   0.4300000E-02   0.1150000E-02  -0.1382654E-01
  0.9534000E+00   0.4065000E-01   0.4350000E-02   0.1600000E-02   0.2157774E-01
  0.9515000E+00   0.4305000E-01   0.4350000E-02   0.1100000E-02   0.8150394E-03
