           PIP1            PIP2            PIP3            PIP4           alpha
  0.9554000E+00   0.3900000E-01   0.4500000E-02   0.1100000E-02  -0.3295609E-02
  0.9528500E+00   0.4050000E-01   0.4250000E-02   0.2400000E-02  -0.3038608E-01
  0.9571000E+00   0.3770000E-01   0.4350000E-02   0.8500000E-03  -0.1222277E-01
  0.9535000E+00   0.4080000E-01   0.4450000E-02   0.1250000E-02   0.2826026E-01
  0.9538500E+00   0.4065000E-01   0.4400000E-02   0.1100000E-02   0.1771995E-01
  0.9511500E+00   0.4165000E-01   0.5200000E-02   0.2000000E-02  -0.4490353E-01
  0.9558500E+00   0.3875000E-01   0.4450000E-02   0.9500000E-03  -0.1764904E-01
  0.9557000E+00   0.3955000E-01   0.4150000E-02   0.6000000E-03   0.5872862E-02
  0.9539000E+00   0.4050000E-01   0.4700000E-02   0.9000000E-03   0.1290933E-01
  0.9540500E+00   0.4015000E-01   0.4850000E-02   0.9500000E-03   0.1198277E-01
  0.9534500E+00   0.4105000E-01   0.4400000E-02   0.1100000E-02   0.3149673E-03
  0.9545000E+00   0.3970000E-01   0.4350000E-02   0.1450000E-02  -0.1156562E-01
  0.9538000E+00   0.4015000E-01   0.4600000E-02   0.1450000E-02  -0.2898323E-01
  0.9522000E+00   0.4040000E-01   0.5950000E-02   0.1450000E-02  -0.3619101E-01
  0.9526500E+00   0.3935000E-01   0.5200000E-02   0.2800000E-02  -0.6667582E-01
  0.9553000E+00   0.4025000E-01   0.3550000E-02   0.9000000E-03   0.1515004E-02
  0.9557000E+00   0.3910000E-01   0.4050000E-02   0.1150000E-02   0.1831466E-01
  0.9510500E+00   0.4000000E-01   0.5450000E-02   0.3500000E-02  -0.6796175E-01
  0.9517500E+00   0.4200000E-01   0.4700000E-02   0.1550000E-02  -0.3204789E-01
  0.9529500E+00   0.4120000E-01   0.4600000E-02   0.1250000E-02   0.1345426E-01
  0.9541000E+00   0.3960000E-01   0.5000000E-02   0.1300000E-02   0.6081467E-02
  0.9538000E+00   0.4055000E-01   0.4400000E-02   0.1250000E-02   0.8285974E-02
  0.9541000E+00   0.3895000E-01   0.5650000E-02   0.1300000E-02  -0.1696059E-01
  0.9556000E+00   0.3990000E-01   0.3100000E-02   0.1400000E-02  -0.9901729E-02
  0.9509500E+00   0.4345000E-01   0.4250000E-02   0.1350000E-02   0.2104068E-01
  0.9524000E+00   0.4155000E-01   0.4700000E-02   0.1350000E-02   0.2092719E-01
  0.9507000E+00   0.4105000E-01   0.5600000E-02   0.2650000E-02   0.6748500E-01
  0.9562000E+00   0.3845000E-01   0.4200000E-02   0.1150000E-02  -0.1858395E-01
  0.9543500E+00   0.3955000E-01   0.4650000E-02   0.1450000E-02  -0.3527966E-01
  0.9514500E+00   0.4055000E-01   0.5850000E-02   0.2150000E-02   0.6237195E-01
  0.9523500E+00   0.4050000E-01   0.4650000E-02   0.2500000E-02   0.4909624E-01
  0.9517500E+00   0.4135000E-01   0.5800000E-02   0.1100000E-02  -0.2836868E-01
  0.9535500E+00   0.4040000E-01   0.4550000E-02   0.1500000E-02  -0.2672940E-01
  0.9421000E+00   0.4325000E-01   0.7450000E-02   0.7200000E-02   0.1424214E+00
  0.9450500E+00   0.4290000E-01   0.5700000E-02   0.6350000E-02   0.1246522E+00
  0.9510500E+00   0.4065000E-01   0.6000000E-02   0.2300000E-02   0.5988342E-01
  0.9448500E+00   0.4315000E-01   0.6350000E-02   0.5650000E-02   0.1192688E+00
  0.9545000E+00   0.4045000E-01   0.4000000E-02   0.1050000E-02   0.1466058E-01
  0.9560000E+00   0.3950000E-01   0.3550000E-02   0.9500000E-03  -0.1142601E-01
  0.9550000E+00   0.3935000E-01   0.4650000E-02   0.1000000E-02  -0.5352199E-02
  0.9534500E+00   0.4080000E-01   0.4750000E-02   0.1000000E-02  -0.6115279E-02
  0.9565000E+00   0.3840000E-01   0.3950000E-02   0.1150000E-02  -0.3272883E-02
  0.9547000E+00   0.4060000E-01   0.3950000E-02   0.7500000E-03   0.4695055E-03
  0.9535000E+00   0.4130000E-01   0.4300000E-02   0.9000000E-03  -0.8526859E-02
  0.9538500E+00   0.4030000E-01   0.4200000E-02   0.1650000E-02  -0.2388197E-01
  0.9530500E+00   0.3955000E-01   0.5700000E-02   0.1700000E-02  -0.4044332E-01
  0.9522000E+00   0.4135000E-01   0.4750000E-02   0.1700000E-02  -0.3633329E-01
  0.9497000E+00   0.4355000E-01   0.5100000E-02   0.1650000E-02  -0.3389457E-01
  0.9547000E+00   0.3945000E-01   0.4450000E-02   0.1400000E-02  -0.1812709E-01
  0.9525000E+00   0.4275000E-01   0.3500000E-02   0.1250000E-02  -0.2099297E-01
  0.9526000E+00   0.3980000E-01   0.5900000E-02   0.1700000E-02  -0.4450563E-01
  0.9491000E+00   0.4390000E-01   0.5300000E-02   0.1700000E-02  -0.3431370E-01
  0.9519000E+00   0.4015000E-01   0.5250000E-02   0.2700000E-02  -0.6478534E-01
  0.9508000E+00   0.4345000E-01   0.4450000E-02   0.1300000E-02   0.2667840E-02
  0.9552000E+00   0.3930000E-01   0.4700000E-02   0.8000000E-03   0.7067581E-02
  0.9561500E+00   0.3925000E-01   0.3800000E-02   0.8000000E-03   0.3674300E-02
  0.9550000E+00   0.4010000E-01   0.3800000E-02   0.1100000E-02  -0.3113650E-02
  0.9518000E+00   0.4090000E-01   0.5400000E-02   0.1900000E-02   0.4270764E-01
  0.9548000E+00   0.3905000E-01   0.4550000E-02   0.1600000E-02   0.3259580E-01
  0.9505000E+00   0.4135000E-01   0.5050000E-02   0.3100000E-02   0.6514746E-01
  0.9542000E+00   0.4085000E-01   0.3900000E-02   0.1050000E-02   0.7008937E-02
  0.9517000E+00   0.4280000E-01   0.4300000E-02   0.1200000E-02   0.2293846E-01
  0.9561000E+00   0.3880000E-01   0.4050000E-02   0.1050000E-02   0.1222932E-01
  0.9557000E+00   0.3990000E-01   0.3450000E-02   0.9500000E-03   0.1826765E-01
  0.9554500E+00   0.3865000E-01   0.4300000E-02   0.1600000E-02  -0.2263774E-02
  0.9522500E+00   0.4085000E-01   0.5500000E-02   0.1400000E-02   0.4059893E-01
  0.9529500E+00   0.3990000E-01   0.5100000E-02   0.2050000E-02   0.3592865E-01
  0.9519500E+00   0.4040000E-01   0.5350000E-02   0.2300000E-02   0.5274514E-01
  0.9525000E+00   0.4035000E-01   0.5450000E-02   0.1700000E-02   0.4355020E-01
  0.9556500E+00   0.3880000E-01   0.4250000E-02   0.1300000E-02   0.2813909E-01
  0.9533000E+00   0.4025000E-01   0.5000000E-02   0.1450000E-02   0.1879535E-01
  0.9551500E+00   0.3900000E-01   0.4800000E-02   0.1050000E-02   0.9324235E-02
  0.9540500E+00   0.3990000E-01   0.4550000E-02   0.1500000E-02   0.2398664E-01
  0.9529000E+00   0.4130000E-01   0.4500000E-02   0.1300000E-02  -0.8626389E-02
  0.9480500E+00   0.4035000E-01   0.6500000E-02   0.5100000E-02   0.1137875E+00
  0.9544500E+00   0.4075000E-01   0.3650000E-02   0.1150000E-02  -0.4263277E-02
  0.9530000E+00   0.4100000E-01   0.4700000E-02   0.1300000E-02   0.5068775E-02
  0.9553000E+00   0.3980000E-01   0.3900000E-02   0.1000000E-02  -0.9892908E-02
  0.9518000E+00   0.4105000E-01   0.5800000E-02   0.1350000E-02   0.3892798E-01
  0.9560500E+00   0.3985000E-01   0.3150000E-02   0.9500000E-03  -0.6799669E-02
  0.9565000E+00   0.3900000E-01   0.3750000E-02   0.7500000E-03  -0.3085263E-03
  0.9542000E+00   0.3990000E-01   0.4200000E-02   0.1700000E-02  -0.2618353E-01
  0.9535000E+00   0.4050000E-01   0.4850000E-02   0.1150000E-02   0.2025774E-01
  0.9564000E+00   0.3855000E-01   0.3650000E-02   0.1400000E-02  -0.1203576E-02
  0.9537500E+00   0.4075000E-01   0.4350000E-02   0.1150000E-02  -0.1871459E-02
  0.9551500E+00   0.3915000E-01   0.4250000E-02   0.1450000E-02  -0.5401237E-02
  0.9509500E+00   0.4050000E-01   0.5500000E-02   0.3050000E-02   0.6754645E-01
  0.9552000E+00   0.4010000E-01   0.3850000E-02   0.8500000E-03  -0.6325011E-02
  0.9536500E+00   0.4100000E-01   0.4550000E-02   0.8000000E-03   0.9808976E-02
  0.9557500E+00   0.3935000E-01   0.4150000E-02   0.7500000E-03  -0.1942819E-01
  0.9551500E+00   0.3735000E-01   0.5150000E-02   0.2350000E-02   0.4836230E-01
  0.9533500E+00   0.4040000E-01   0.4500000E-02   0.1750000E-02  -0.3381488E-01
  0.9548000E+00   0.3815000E-01   0.4900000E-02   0.2150000E-02  -0.3456991E-01
  0.9516500E+00   0.3980000E-01   0.6050000E-02   0.2500000E-02  -0.6469932E-01
  0.9522000E+00   0.4065000E-01   0.4800000E-02   0.2350000E-02  -0.4244634E-01
  0.9501000E+00   0.4035000E-01   0.5750000E-02   0.3800000E-02  -0.8649543E-01
  0.9502500E+00   0.4255000E-01   0.5350000E-02   0.1850000E-02  -0.4603489E-01
  0.9525500E+00   0.3990000E-01   0.5100000E-02   0.2450000E-02   0.4924871E-01
  0.9553500E+00   0.3875000E-01   0.4650000E-02   0.1250000E-02  -0.1169733E-01
  0.9541500E+00   0.4050000E-01   0.4400000E-02   0.9500000E-03  -0.2541634E-02
  0.9564000E+00   0.3805000E-01   0.4650000E-02   0.9000000E-03  -0.1336410E-01
  0.9535000E+00   0.4100000E-01   0.4100000E-02   0.1400000E-02  -0.2388806E-01
  0.9543500E+00   0.4035000E-01   0.4350000E-02   0.9500000E-03  -0.1621823E-01
  0.9548500E+00   0.3935000E-01   0.4550000E-02   0.1250000E-02  -0.1699204E-01
  0.9543500E+00   0.3900000E-01   0.4700000E-02   0.1950000E-02  -0.4233026E-01
  0.9554000E+00   0.3795000E-01   0.5000000E-02   0.1650000E-02   0.3564312E-01
  0.9554000E+00   0.3875000E-01   0.5200000E-02   0.6500000E-03   0.1592951E-01
  0.9535500E+00   0.4125000E-01   0.4450000E-02   0.7500000E-03   0.1770533E-01
  0.9534000E+00   0.4010000E-01   0.4300000E-02   0.2200000E-02   0.4492109E-01
  0.9577500E+00   0.3730000E-01   0.4250000E-02   0.7000000E-03   0.3597782E-02
  0.9570500E+00   0.3865000E-01   0.3600000E-02   0.7000000E-03   0.7222459E-02
  0.9539500E+00   0.4115000E-01   0.4050000E-02   0.8500000E-03   0.4328700E-02
  0.9549000E+00   0.3855000E-01   0.5600000E-02   0.9500000E-03   0.8996972E-02
  0.9548000E+00   0.4010000E-01   0.4150000E-02   0.9500000E-03   0.2777915E-01
  0.9524500E+00   0.4095000E-01   0.4750000E-02   0.1850000E-02  -0.4087564E-01
  0.9475000E+00   0.4220000E-01   0.6900000E-02   0.3400000E-02  -0.8423192E-01
  0.9548500E+00   0.4015000E-01   0.4050000E-02   0.9500000E-03  -0.1088969E-02
  0.9565000E+00   0.3785000E-01   0.4300000E-02   0.1350000E-02  -0.3194277E-01
  0.9526000E+00   0.4040000E-01   0.5150000E-02   0.1850000E-02  -0.4183527E-01
  0.9526000E+00   0.4035000E-01   0.5150000E-02   0.1900000E-02  -0.3995606E-01
  0.9544000E+00   0.3980000E-01   0.4900000E-02   0.9000000E-03  -0.1563665E-01
  0.9374000E+00   0.4350000E-01   0.7400000E-02   0.1170000E-01  -0.2544809E+00
  0.9557500E+00   0.3905000E-01   0.4000000E-02   0.1200000E-02  -0.1941050E-02
  0.9534000E+00   0.3980000E-01   0.5350000E-02   0.1450000E-02   0.3574463E-01
  0.9523000E+00   0.4250000E-01   0.4000000E-02   0.1200000E-02  -0.6053537E-02
  0.9501500E+00   0.4215000E-01   0.5450000E-02   0.2250000E-02   0.5199085E-01
  0.9491500E+00   0.4205000E-01   0.6250000E-02   0.2550000E-02   0.6269325E-01
  0.9497000E+00   0.4225000E-01   0.4950000E-02   0.3100000E-02   0.6472764E-01
  0.9513500E+00   0.3970000E-01   0.6200000E-02   0.2750000E-02   0.5726612E-01
  0.9496000E+00   0.3930000E-01   0.7050000E-02   0.4050000E-02   0.8258894E-01
  0.9471000E+00   0.4125000E-01   0.6200000E-02   0.5450000E-02   0.1154215E+00
  0.9581500E+00   0.3640000E-01   0.4350000E-02   0.1100000E-02   0.1380144E-01
  0.9533000E+00   0.3895000E-01   0.5750000E-02   0.2000000E-02   0.4351717E-01
  0.9509500E+00   0.3900000E-01   0.6550000E-02   0.3500000E-02  -0.7990803E-01
  0.9562000E+00   0.3885000E-01   0.3900000E-02   0.1050000E-02  -0.1324562E-01
  0.9551000E+00   0.4010000E-01   0.3750000E-02   0.1050000E-02  -0.2828676E-02
  0.9561500E+00   0.3905000E-01   0.3950000E-02   0.8500000E-03   0.6178126E-02
  0.9536500E+00   0.4110000E-01   0.4500000E-02   0.7500000E-03   0.6181806E-02
  0.9563500E+00   0.3835000E-01   0.4000000E-02   0.1300000E-02  -0.1399028E-02
  0.9552000E+00   0.4060000E-01   0.3150000E-02   0.1050000E-02   0.3100150E-02
  0.9566500E+00   0.3880000E-01   0.3650000E-02   0.9000000E-03  -0.1137850E-02
  0.9544000E+00   0.4030000E-01   0.4550000E-02   0.7500000E-03   0.2720531E-02
  0.9543500E+00   0.4010000E-01   0.4350000E-02   0.1200000E-02   0.5207711E-02
  0.9552500E+00   0.3945000E-01   0.4350000E-02   0.9500000E-03  -0.4265160E-02
  0.9529000E+00   0.4015000E-01   0.4850000E-02   0.2100000E-02   0.4074531E-01
  0.9498000E+00   0.4305000E-01   0.4900000E-02   0.2250000E-02   0.5811015E-01
  0.9551000E+00   0.3895000E-01   0.4800000E-02   0.1150000E-02   0.2505770E-01
  0.9479500E+00   0.4110000E-01   0.7100000E-02   0.3850000E-02  -0.9437724E-01
  0.9549000E+00   0.3910000E-01   0.4750000E-02   0.1250000E-02  -0.3094741E-01
  0.9569000E+00   0.3775000E-01   0.4500000E-02   0.8500000E-03   0.1449086E-02
  0.9543000E+00   0.4040000E-01   0.4300000E-02   0.1000000E-02  -0.3133356E-02
  0.9532000E+00   0.4125000E-01   0.4150000E-02   0.1400000E-02   0.2792012E-01
  0.9575000E+00   0.3830000E-01   0.3650000E-02   0.5500000E-03  -0.1003097E-02
  0.9547000E+00   0.4055000E-01   0.3600000E-02   0.1150000E-02  -0.8392181E-02
  0.9496500E+00   0.4060000E-01   0.6700000E-02   0.3050000E-02   0.8815071E-01
  0.9495500E+00   0.4040000E-01   0.6450000E-02   0.3600000E-02   0.8837843E-01
  0.9525500E+00   0.4125000E-01   0.5050000E-02   0.1150000E-02   0.2685321E-01
  0.9487000E+00   0.4060000E-01   0.6650000E-02   0.4050000E-02  -0.8099734E-01
  0.9460500E+00   0.4360000E-01   0.7500000E-02   0.2850000E-02   0.6921891E-01
  0.9529500E+00   0.4080000E-01   0.4300000E-02   0.1950000E-02   0.3647921E-01
  0.9527500E+00   0.3995000E-01   0.5650000E-02   0.1650000E-02   0.4319322E-01
  0.9520500E+00   0.4195000E-01   0.4550000E-02   0.1450000E-02   0.3285492E-01
  0.9535000E+00   0.4060000E-01   0.4500000E-02   0.1400000E-02   0.1414540E-01
  0.9537500E+00   0.4055000E-01   0.4800000E-02   0.9000000E-03   0.2655930E-02
  0.9410000E+00   0.4215000E-01   0.7850000E-02   0.9000000E-02   0.2094659E+00
  0.9551000E+00   0.3855000E-01   0.4650000E-02   0.1700000E-02  -0.3433915E-01
  0.9554500E+00   0.3900000E-01   0.4150000E-02   0.1400000E-02  -0.2061060E-02
  0.9473500E+00   0.4285000E-01   0.5950000E-02   0.3850000E-02   0.8274376E-01
  0.9553500E+00   0.3990000E-01   0.3750000E-02   0.1000000E-02  -0.1380309E-01
  0.9570500E+00   0.3700000E-01   0.4700000E-02   0.1250000E-02   0.7434767E-02
  0.9552000E+00   0.3920000E-01   0.4200000E-02   0.1400000E-02   0.2531789E-01
  0.9558000E+00   0.3950000E-01   0.3450000E-02   0.1250000E-02   0.5824846E-02
  0.9549000E+00   0.3750000E-01   0.5350000E-02   0.2250000E-02   0.4077425E-01
  0.9571500E+00   0.3785000E-01   0.3950000E-02   0.1050000E-02   0.8741325E-02
  0.9558500E+00   0.3825000E-01   0.4750000E-02   0.1150000E-02   0.1366932E-01
  0.9523500E+00   0.4125000E-01   0.5050000E-02   0.1350000E-02   0.1639640E-01
  0.9544000E+00   0.4020000E-01   0.4250000E-02   0.1150000E-02   0.9888195E-02
  0.9519000E+00   0.4245000E-01   0.4550000E-02   0.1100000E-02   0.4853597E-02
  0.9541000E+00   0.4035000E-01   0.4200000E-02   0.1350000E-02   0.2159889E-01
  0.9533500E+00   0.4170000E-01   0.3800000E-02   0.1150000E-02   0.5976044E-02
  0.9542000E+00   0.4025000E-01   0.4650000E-02   0.9000000E-03   0.7033503E-02
  0.9541000E+00   0.4135000E-01   0.3400000E-02   0.1150000E-02   0.9427476E-02
  0.9563000E+00   0.3780000E-01   0.4700000E-02   0.1200000E-02   0.4158949E-02
  0.9542500E+00   0.4035000E-01   0.4250000E-02   0.1150000E-02   0.8777245E-02
  0.9558000E+00   0.3845000E-01   0.4600000E-02   0.1150000E-02   0.9498802E-02
  0.9522500E+00   0.4165000E-01   0.4800000E-02   0.1300000E-02   0.3099493E-01
  0.9244500E+00   0.4330000E-01   0.1050000E-01   0.2175000E-01  -0.4815236E+00
  0.9543000E+00   0.3995000E-01   0.4000000E-02   0.1750000E-02   0.3682971E-01
  0.9514000E+00   0.4055000E-01   0.5600000E-02   0.2450000E-02   0.5365579E-01
  0.9508500E+00   0.3910000E-01   0.5500000E-02   0.4550000E-02   0.9193972E-01
  0.9512000E+00   0.4155000E-01   0.5150000E-02   0.2100000E-02  -0.3847247E-01
  0.9562000E+00   0.3875000E-01   0.4000000E-02   0.1050000E-02  -0.2250226E-02
  0.9534500E+00   0.3915000E-01   0.5050000E-02   0.2350000E-02   0.4757995E-01
  0.9521000E+00   0.4160000E-01   0.4550000E-02   0.1750000E-02   0.3563272E-01
  0.9522000E+00   0.4060000E-01   0.5150000E-02   0.2050000E-02   0.2877324E-01
  0.9458000E+00   0.4295000E-01   0.6750000E-02   0.4500000E-02   0.1064465E+00
  0.9515000E+00   0.4120000E-01   0.5150000E-02   0.2150000E-02   0.5977855E-01
  0.9520500E+00   0.4095000E-01   0.4700000E-02   0.2300000E-02   0.3915499E-01
  0.9517500E+00   0.4120000E-01   0.4900000E-02   0.2150000E-02  -0.4975642E-01
  0.9529000E+00   0.4155000E-01   0.4250000E-02   0.1300000E-02   0.1372816E-01
  0.9518500E+00   0.4180000E-01   0.4150000E-02   0.2200000E-02   0.3515266E-01
  0.9559000E+00   0.3890000E-01   0.4400000E-02   0.8000000E-03   0.2009516E-02
  0.9526000E+00   0.3990000E-01   0.5450000E-02   0.2050000E-02  -0.4690153E-01
  0.9517500E+00   0.4225000E-01   0.4550000E-02   0.1450000E-02  -0.2973388E-01
  0.9559000E+00   0.3815000E-01   0.4700000E-02   0.1250000E-02  -0.1450873E-01
  0.9548000E+00   0.3925000E-01   0.5000000E-02   0.9500000E-03   0.1755343E-01
  0.9487000E+00   0.4210000E-01   0.6300000E-02   0.2900000E-02   0.6826005E-01
  0.9558500E+00   0.3960000E-01   0.3600000E-02   0.9500000E-03   0.9641631E-02
  0.9534000E+00   0.3935000E-01   0.4850000E-02   0.2400000E-02   0.4998681E-01
  0.9539000E+00   0.3965000E-01   0.5350000E-02   0.1100000E-02  -0.2316874E-01
  0.9504000E+00   0.4290000E-01   0.4750000E-02   0.1950000E-02  -0.3966649E-01
  0.9540500E+00   0.4060000E-01   0.4450000E-02   0.9000000E-03  -0.6747337E-02
  0.9504500E+00   0.4125000E-01   0.5400000E-02   0.2900000E-02  -0.6692932E-01
  0.9561000E+00   0.3815000E-01   0.4150000E-02   0.1600000E-02  -0.3190560E-01
  0.9539500E+00   0.4175000E-01   0.3200000E-02   0.1100000E-02  -0.6470754E-02
  0.9527000E+00   0.4140000E-01   0.4150000E-02   0.1750000E-02  -0.2805511E-01
  0.9543500E+00   0.4055000E-01   0.4150000E-02   0.9500000E-03   0.1454224E-01
  0.9550000E+00   0.3870000E-01   0.4800000E-02   0.1500000E-02   0.2432190E-01
  0.9525500E+00   0.4010000E-01   0.5550000E-02   0.1800000E-02   0.4721782E-01
  0.9507500E+00   0.4060000E-01   0.5200000E-02   0.3450000E-02   0.6782753E-01
  0.9542500E+00   0.4095000E-01   0.3700000E-02   0.1100000E-02   0.6599924E-03
  0.9536500E+00   0.4015000E-01   0.4650000E-02   0.1550000E-02   0.1846026E-01
  0.9521000E+00   0.4100000E-01   0.5200000E-02   0.1700000E-02  -0.3389939E-01
  0.9545500E+00   0.3970000E-01   0.4700000E-02   0.1050000E-02   0.1147697E-01
  0.9494000E+00   0.4150000E-01   0.6150000E-02   0.2950000E-02   0.6810048E-01
  0.9485000E+00   0.4205000E-01   0.5600000E-02   0.3850000E-02   0.8066689E-01
  0.9542000E+00   0.3930000E-01   0.5050000E-02   0.1450000E-02   0.2940595E-01
  0.9524000E+00   0.4175000E-01   0.3950000E-02   0.1900000E-02  -0.3345270E-01
  0.9557500E+00   0.3890000E-01   0.4450000E-02   0.9000000E-03  -0.2883774E-02
  0.9522500E+00   0.4195000E-01   0.4400000E-02   0.1400000E-02   0.5162245E-02
  0.9538500E+00   0.4060000E-01   0.4300000E-02   0.1250000E-02  -0.2440501E-01
  0.9550500E+00   0.3880000E-01   0.4850000E-02   0.1300000E-02   0.1643726E-01
  0.9553500E+00   0.3910000E-01   0.4450000E-02   0.1100000E-02  -0.1811957E-02
  0.9551000E+00   0.3835000E-01   0.5000000E-02   0.1550000E-02   0.2651422E-01
  0.9557500E+00   0.3775000E-01   0.5300000E-02   0.1200000E-02   0.2107280E-01
  0.9542500E+00   0.4065000E-01   0.3550000E-02   0.1550000E-02   0.2844924E-03
  0.9538000E+00   0.4010000E-01   0.4750000E-02   0.1350000E-02  -0.2076824E-01
  0.9552500E+00   0.3890000E-01   0.4700000E-02   0.1150000E-02  -0.2604867E-01
  0.9526500E+00   0.4165000E-01   0.4250000E-02   0.1450000E-02  -0.1808164E-01
  0.9573500E+00   0.3640000E-01   0.4700000E-02   0.1550000E-02   0.2038276E-01
  0.9540500E+00   0.4055000E-01   0.4300000E-02   0.1100000E-02   0.1497213E-01
  0.9558000E+00   0.3910000E-01   0.4000000E-02   0.1100000E-02   0.2085788E-01
  0.9557500E+00   0.3785000E-01   0.4350000E-02   0.2050000E-02  -0.3485638E-01
  0.9491500E+00   0.4155000E-01   0.6250000E-02   0.3050000E-02  -0.7407659E-01
  0.9534500E+00   0.3995000E-01   0.4950000E-02   0.1650000E-02  -0.3766752E-01
  0.9498500E+00   0.3895000E-01   0.6200000E-02   0.5000000E-02   0.1134074E+00
  0.9536000E+00   0.4035000E-01   0.4550000E-02   0.1500000E-02  -0.1193778E-01
  0.9550000E+00   0.3910000E-01   0.4450000E-02   0.1450000E-02  -0.2046650E-01
  0.9537500E+00   0.4075000E-01   0.4800000E-02   0.7000000E-03  -0.1072320E-01
  0.9520000E+00   0.4165000E-01   0.5200000E-02   0.1150000E-02  -0.2786409E-01
  0.9510000E+00   0.4245000E-01   0.4800000E-02   0.1750000E-02  -0.3308431E-01
  0.9544500E+00   0.3920000E-01   0.4900000E-02   0.1450000E-02  -0.3985430E-01
  0.9554500E+00   0.4010000E-01   0.3200000E-02   0.1250000E-02  -0.5097082E-03
  0.9503500E+00   0.3965000E-01   0.6050000E-02   0.3950000E-02   0.9133453E-01
  0.9534000E+00   0.4125000E-01   0.4400000E-02   0.9500000E-03   0.3267236E-02
  0.9562500E+00   0.3915000E-01   0.3700000E-02   0.9000000E-03  -0.3287342E-02
  0.9553000E+00   0.3905000E-01   0.4450000E-02   0.1200000E-02   0.2170039E-01
  0.9547500E+00   0.4030000E-01   0.3750000E-02   0.1200000E-02   0.1989336E-01
  0.9529000E+00   0.4110000E-01   0.4950000E-02   0.1050000E-02  -0.2560963E-02
  0.9539500E+00   0.4010000E-01   0.4650000E-02   0.1300000E-02   0.1089226E-01
  0.9569000E+00   0.3795000E-01   0.4300000E-02   0.8500000E-03   0.7065620E-02
  0.9532000E+00   0.4110000E-01   0.4150000E-02   0.1550000E-02   0.1042075E-01
  0.9539000E+00   0.4125000E-01   0.4050000E-02   0.8000000E-03   0.4348336E-02
  0.9582000E+00   0.3660000E-01   0.4000000E-02   0.1200000E-02  -0.1194769E-01
  0.9542000E+00   0.4000000E-01   0.4600000E-02   0.1200000E-02   0.1240015E-01
  0.9525500E+00   0.3970000E-01   0.5250000E-02   0.2500000E-02  -0.4720107E-01
  0.9541000E+00   0.4100000E-01   0.3850000E-02   0.1050000E-02  -0.8028863E-02
  0.9506000E+00   0.3920000E-01   0.6700000E-02   0.3500000E-02   0.8913721E-01
  0.9577500E+00   0.3815000E-01   0.3150000E-02   0.9500000E-03   0.6600942E-02
  0.9551500E+00   0.3980000E-01   0.4000000E-02   0.1050000E-02  -0.1158293E-01
  0.9527000E+00   0.4055000E-01   0.4850000E-02   0.1900000E-02  -0.2918270E-01
  0.9532000E+00   0.4080000E-01   0.4400000E-02   0.1600000E-02  -0.3268179E-01
  0.9526000E+00   0.4175000E-01   0.4150000E-02   0.1500000E-02   0.9300797E-02
  0.9526500E+00   0.4175000E-01   0.4450000E-02   0.1150000E-02   0.2624947E-01
  0.9541500E+00   0.4000000E-01   0.4650000E-02   0.1200000E-02   0.7534465E-02
  0.9538000E+00   0.4070000E-01   0.4650000E-02   0.8500000E-03   0.6780011E-03
  0.9498500E+00   0.4170000E-01   0.6050000E-02   0.2400000E-02  -0.5949642E-01
  0.9569500E+00   0.3885000E-01   0.3400000E-02   0.8000000E-03   0.1440348E-02
  0.9538500E+00   0.4140000E-01   0.3700000E-02   0.1050000E-02  -0.1089087E-01
  0.9558500E+00   0.3880000E-01   0.4150000E-02   0.1200000E-02  -0.1473683E-01
  0.9363000E+00   0.4350000E-01   0.7900000E-02   0.1230000E-01   0.2734902E+00
  0.9562000E+00   0.3805000E-01   0.4300000E-02   0.1450000E-02  -0.2268673E-01
  0.9555000E+00   0.3935000E-01   0.4200000E-02   0.9500000E-03  -0.2824220E-02
  0.9529500E+00   0.4095000E-01   0.4750000E-02   0.1350000E-02  -0.8920592E-02
  0.9569000E+00   0.3860000E-01   0.3700000E-02   0.8000000E-03  -0.5715393E-02
  0.9561500E+00   0.3860000E-01   0.4150000E-02   0.1100000E-02  -0.4990041E-03
  0.9526000E+00   0.3975000E-01   0.5600000E-02   0.2050000E-02  -0.4296360E-01
  0.9521500E+00   0.3975000E-01   0.4900000E-02   0.3200000E-02   0.5555403E-01
  0.9559500E+00   0.3920000E-01   0.3950000E-02   0.9000000E-03  -0.6613675E-02
  0.9514000E+00   0.3925000E-01   0.5250000E-02   0.4100000E-02  -0.8023411E-01
  0.9562500E+00   0.3925000E-01   0.3750000E-02   0.7500000E-03   0.1562571E-02
  0.9510500E+00   0.4250000E-01   0.5050000E-02   0.1400000E-02  -0.2701977E-01
  0.9495000E+00   0.4250000E-01   0.5350000E-02   0.2650000E-02  -0.5759358E-01
  0.9543000E+00   0.3935000E-01   0.5000000E-02   0.1350000E-02  -0.2612399E-01
  0.9562000E+00   0.3810000E-01   0.4450000E-02   0.1250000E-02   0.8691105E-02
  0.9554000E+00   0.3925000E-01   0.4400000E-02   0.9500000E-03  -0.7644708E-02
  0.9547500E+00   0.4005000E-01   0.4400000E-02   0.8000000E-03   0.2137550E-01
  0.9524000E+00   0.4250000E-01   0.3550000E-02   0.1550000E-02   0.1856465E-01
  0.9554500E+00   0.4030000E-01   0.3150000E-02   0.1100000E-02   0.1680647E-01
  0.9550000E+00   0.3915000E-01   0.4050000E-02   0.1800000E-02   0.4116174E-01
  0.9561500E+00   0.3835000E-01   0.4800000E-02   0.7000000E-03   0.1853150E-01
  0.9555000E+00   0.3835000E-01   0.4850000E-02   0.1300000E-02  -0.2552255E-01
  0.9531500E+00   0.4130000E-01   0.4250000E-02   0.1300000E-02  -0.1281946E-01
  0.9538500E+00   0.4050000E-01   0.4550000E-02   0.1100000E-02   0.3153121E-02
  0.9545000E+00   0.4005000E-01   0.4300000E-02   0.1150000E-02  -0.1753975E-01
  0.9538500E+00   0.4100000E-01   0.3600000E-02   0.1550000E-02   0.2951178E-01
  0.9551000E+00   0.3915000E-01   0.4450000E-02   0.1300000E-02   0.8490546E-03
  0.9554000E+00   0.3870000E-01   0.4750000E-02   0.1150000E-02   0.2103025E-01
  0.9523500E+00   0.4000000E-01   0.5650000E-02   0.2000000E-02  -0.4913969E-01
  0.9559000E+00   0.3910000E-01   0.4250000E-02   0.7500000E-03   0.1358531E-01
  0.9540000E+00   0.4040000E-01   0.4250000E-02   0.1350000E-02   0.1932417E-01
  0.9532000E+00   0.3840000E-01   0.6100000E-02   0.2300000E-02   0.5307044E-01
  0.9550000E+00   0.4020000E-01   0.3950000E-02   0.8500000E-03  -0.2087903E-01
  0.9543500E+00   0.3980000E-01   0.4950000E-02   0.9000000E-03  -0.5601508E-02
  0.9542500E+00   0.3925000E-01   0.5150000E-02   0.1350000E-02  -0.3010268E-01
  0.9529000E+00   0.4115000E-01   0.5000000E-02   0.9500000E-03  -0.9677412E-02
  0.9540500E+00   0.4060000E-01   0.4450000E-02   0.9000000E-03  -0.7603494E-02
  0.9516000E+00   0.4130000E-01   0.5300000E-02   0.1800000E-02   0.2745216E-01
  0.9532000E+00   0.4105000E-01   0.4750000E-02   0.1000000E-02   0.2364880E-01
  0.9526500E+00   0.4155000E-01   0.4300000E-02   0.1500000E-02  -0.3031904E-01
  0.9566500E+00   0.3790000E-01   0.4050000E-02   0.1400000E-02   0.8838240E-02
  0.9546000E+00   0.3945000E-01   0.4700000E-02   0.1250000E-02   0.1473774E-01
  0.9530500E+00   0.4005000E-01   0.5350000E-02   0.1550000E-02   0.3186288E-01
  0.9553500E+00   0.3895000E-01   0.4400000E-02   0.1300000E-02   0.1600678E-01
  0.9535000E+00   0.4045000E-01   0.4800000E-02   0.1250000E-02   0.1775214E-01
  0.9552500E+00   0.3860000E-01   0.4550000E-02   0.1600000E-02  -0.9862132E-02
  0.9544500E+00   0.4070000E-01   0.3900000E-02   0.9500000E-03  -0.6120819E-02
  0.9496000E+00   0.4420000E-01   0.4900000E-02   0.1300000E-02  -0.2382639E-01
  0.9521000E+00   0.4150000E-01   0.5100000E-02   0.1300000E-02  -0.2697919E-01
  0.9541500E+00   0.4060000E-01   0.4050000E-02   0.1200000E-02   0.1109695E-01
  0.9537000E+00   0.4120000E-01   0.4150000E-02   0.9500000E-03   0.1397092E-01
  0.9553500E+00   0.3975000E-01   0.4250000E-02   0.6500000E-03   0.4818021E-02
  0.9535000E+00   0.4065000E-01   0.4550000E-02   0.1300000E-02   0.5676084E-02
  0.9523500E+00   0.3955000E-01   0.6250000E-02   0.1850000E-02  -0.5704885E-01
  0.9568500E+00   0.3715000E-01   0.5150000E-02   0.8500000E-03   0.8118861E-02
  0.9524500E+00   0.4160000E-01   0.4650000E-02   0.1300000E-02   0.2356283E-01
  0.9551500E+00   0.4000000E-01   0.3700000E-02   0.1150000E-02  -0.1516516E-02
  0.9549000E+00   0.4015000E-01   0.3600000E-02   0.1350000E-02   0.8794549E-02
  0.9547000E+00   0.3970000E-01   0.4750000E-02   0.8500000E-03   0.8069075E-02
  0.9546500E+00   0.4070000E-01   0.3700000E-02   0.9500000E-03  -0.1017347E-01
  0.9564000E+00   0.3805000E-01   0.4400000E-02   0.1150000E-02   0.7828368E-02
  0.9551500E+00   0.3830000E-01   0.5150000E-02   0.1400000E-02   0.1828340E-01
  0.9507500E+00   0.4230000E-01   0.4600000E-02   0.2350000E-02  -0.4610975E-01
  0.9545500E+00   0.4050000E-01   0.3900000E-02   0.1050000E-02  -0.1249395E-01
  0.9537500E+00   0.4050000E-01   0.4600000E-02   0.1150000E-02   0.1523082E-01
  0.9523500E+00   0.4180000E-01   0.4650000E-02   0.1200000E-02   0.1534286E-01
  0.9521500E+00   0.4180000E-01   0.4500000E-02   0.1550000E-02   0.4177678E-01
  0.9551500E+00   0.3910000E-01   0.4300000E-02   0.1450000E-02  -0.2058904E-01
  0.9330500E+00   0.4185000E-01   0.8800000E-02   0.1630000E-01  -0.3553964E+00
  0.9545500E+00   0.3845000E-01   0.5100000E-02   0.1900000E-02  -0.2296043E-01
  0.9558000E+00   0.3765000E-01   0.4650000E-02   0.1900000E-02  -0.2253428E-01
  0.9533500E+00   0.4140000E-01   0.4100000E-02   0.1150000E-02  -0.1386871E-01
  0.9544500E+00   0.3960000E-01   0.4750000E-02   0.1200000E-02   0.2158660E-01
  0.9524000E+00   0.4050000E-01   0.5300000E-02   0.1800000E-02  -0.4065812E-01
  0.9591500E+00   0.3695000E-01   0.3050000E-02   0.8500000E-03   0.3859673E-03
  0.9545000E+00   0.4000000E-01   0.4400000E-02   0.1100000E-02   0.1123532E-01
  0.9556000E+00   0.3945000E-01   0.3850000E-02   0.1100000E-02  -0.2570238E-01
  0.9502500E+00   0.4120000E-01   0.5850000E-02   0.2700000E-02  -0.4372855E-01
  0.9563500E+00   0.3700000E-01   0.4950000E-02   0.1700000E-02  -0.2529696E-01
  0.9513000E+00   0.4215000E-01   0.5050000E-02   0.1500000E-02  -0.3386046E-01
  0.9508000E+00   0.4270000E-01   0.4800000E-02   0.1700000E-02  -0.2821390E-01
  0.9477000E+00   0.4285000E-01   0.5750000E-02   0.3700000E-02  -0.8247929E-01
  0.9523500E+00   0.4180000E-01   0.4850000E-02   0.1000000E-02  -0.2481317E-01
  0.9567500E+00   0.3695000E-01   0.4500000E-02   0.1800000E-02   0.3219927E-01
  0.9512000E+00   0.4235000E-01   0.4600000E-02   0.1850000E-02   0.3391699E-01
  0.9546500E+00   0.3870000E-01   0.4800000E-02   0.1850000E-02  -0.4372649E-01
  0.9538500E+00   0.4110000E-01   0.4100000E-02   0.9500000E-03   0.1109965E-01
  0.9547000E+00   0.3990000E-01   0.4550000E-02   0.8500000E-03   0.9187904E-02
  0.9413500E+00   0.4400000E-01   0.6850000E-02   0.7800000E-02  -0.1843084E+00
  0.9524500E+00   0.4165000E-01   0.4750000E-02   0.1150000E-02  -0.6247037E-02
  0.9526000E+00   0.4155000E-01   0.4550000E-02   0.1300000E-02  -0.2702762E-01
  0.9525000E+00   0.4055000E-01   0.4900000E-02   0.2050000E-02  -0.3498681E-01
  0.9551500E+00   0.3970000E-01   0.4200000E-02   0.9500000E-03  -0.1085449E-01
  0.9558000E+00   0.3840000E-01   0.4700000E-02   0.1100000E-02  -0.1627802E-01
  0.9542500E+00   0.3995000E-01   0.4700000E-02   0.1100000E-02   0.2168282E-01
  0.9526000E+00   0.4205000E-01   0.4500000E-02   0.8500000E-03   0.1044624E-01
  0.9555000E+00   0.3975000E-01   0.3950000E-02   0.8000000E-03  -0.9909993E-02
  0.9544000E+00   0.4125000E-01   0.3500000E-02   0.8500000E-03   0.1347207E-01
  0.9557000E+00   0.3960000E-01   0.3600000E-02   0.1100000E-02   0.2917293E-02
  0.9558500E+00   0.3885000E-01   0.4100000E-02   0.1200000E-02   0.2934476E-01
  0.9574000E+00   0.3820000E-01   0.3600000E-02   0.8000000E-03  -0.5669244E-02
  0.9531000E+00   0.3830000E-01   0.5200000E-02   0.3400000E-02  -0.6312876E-01
  0.9540500E+00   0.3925000E-01   0.5050000E-02   0.1650000E-02  -0.3318734E-01
  0.9549500E+00   0.4035000E-01   0.3950000E-02   0.7500000E-03  -0.1622127E-01
  0.9555000E+00   0.3910000E-01   0.4050000E-02   0.1350000E-02  -0.8826252E-02
  0.9552000E+00   0.3895000E-01   0.4500000E-02   0.1350000E-02  -0.1005426E-01
  0.9532500E+00   0.4145000E-01   0.4300000E-02   0.1000000E-02  -0.3285040E-02
  0.9553000E+00   0.3905000E-01   0.4550000E-02   0.1100000E-02  -0.2365428E-03
  0.9532500E+00   0.4100000E-01   0.4550000E-02   0.1200000E-02  -0.2179945E-02
  0.9547500E+00   0.3940000E-01   0.4500000E-02   0.1350000E-02   0.2310554E-01
  0.9549000E+00   0.3990000E-01   0.4200000E-02   0.1000000E-02  -0.1583777E-01
  0.9531500E+00   0.4100000E-01   0.4550000E-02   0.1300000E-02  -0.1909307E-01
  0.9545000E+00   0.4020000E-01   0.3800000E-02   0.1500000E-02   0.1679023E-01
  0.9564500E+00   0.3800000E-01   0.4900000E-02   0.6500000E-03   0.1387700E-01
  0.9548000E+00   0.3960000E-01   0.4300000E-02   0.1300000E-02   0.1363371E-02
  0.9538000E+00   0.3965000E-01   0.5100000E-02   0.1450000E-02   0.2576720E-01
  0.9526000E+00   0.4260000E-01   0.4250000E-02   0.5500000E-03   0.6232673E-02
  0.9542500E+00   0.3905000E-01   0.5000000E-02   0.1700000E-02   0.3283439E-01
  0.9504500E+00   0.3970000E-01   0.5350000E-02   0.4500000E-02   0.8544718E-01
  0.9468500E+00   0.4170000E-01   0.6550000E-02   0.4900000E-02   0.9663311E-01
  0.9362000E+00   0.4285000E-01   0.9150000E-02   0.1180000E-01   0.2506453E+00
  0.9433000E+00   0.4280000E-01   0.7700000E-02   0.6200000E-02   0.1352784E+00
  0.9532500E+00   0.4080000E-01   0.4550000E-02   0.1400000E-02   0.1809019E-01
  0.9542000E+00   0.4035000E-01   0.4300000E-02   0.1150000E-02   0.3073526E-01
  0.9548000E+00   0.4015000E-01   0.4350000E-02   0.7000000E-03  -0.9233219E-02
  0.9566000E+00   0.3835000E-01   0.4250000E-02   0.8000000E-03   0.1001084E-01
  0.9551500E+00   0.3975000E-01   0.4100000E-02   0.1000000E-02  -0.1340667E-01
  0.9531500E+00   0.4040000E-01   0.4600000E-02   0.1850000E-02   0.3276211E-01
  0.9539000E+00   0.4085000E-01   0.4100000E-02   0.1150000E-02   0.5730916E-03
  0.9539500E+00   0.3980000E-01   0.4950000E-02   0.1300000E-02   0.3164837E-01
  0.9527000E+00   0.4135000E-01   0.5200000E-02   0.7500000E-03   0.2698755E-02
  0.9561000E+00   0.3930000E-01   0.3650000E-02   0.9500000E-03  -0.1799882E-02
  0.9557000E+00   0.3860000E-01   0.4550000E-02   0.1150000E-02   0.7758413E-02
  0.9568500E+00   0.3810000E-01   0.4500000E-02   0.5500000E-03   0.1085274E-01
  0.9538500E+00   0.4065000E-01   0.4550000E-02   0.9500000E-03   0.5439629E-03
  0.9560000E+00   0.3830000E-01   0.4650000E-02   0.1050000E-02   0.4691483E-02
  0.9555500E+00   0.3875000E-01   0.4150000E-02   0.1550000E-02   0.1885296E-01
  0.9527000E+00   0.4220000E-01   0.4200000E-02   0.9000000E-03  -0.1698113E-02
  0.9528000E+00   0.4015000E-01   0.5250000E-02   0.1800000E-02  -0.3587638E-01
  0.9506500E+00   0.4165000E-01   0.4900000E-02   0.2800000E-02  -0.5485418E-01
  0.9541500E+00   0.4130000E-01   0.3650000E-02   0.9000000E-03   0.9088847E-02
  0.9555500E+00   0.3985000E-01   0.3500000E-02   0.1100000E-02  -0.1221147E-01
  0.9534500E+00   0.4185000E-01   0.3900000E-02   0.8000000E-03  -0.2421667E-02
  0.9532500E+00   0.4010000E-01   0.5200000E-02   0.1450000E-02  -0.2192762E-01
  0.9553000E+00   0.3955000E-01   0.4250000E-02   0.9000000E-03   0.6450079E-02
  0.9522000E+00   0.4115000E-01   0.4850000E-02   0.1800000E-02  -0.3672286E-01
  0.9553500E+00   0.3895000E-01   0.4750000E-02   0.9500000E-03  -0.5289831E-02
  0.9542500E+00   0.4080000E-01   0.3950000E-02   0.1000000E-02  -0.9401915E-02
  0.9544000E+00   0.4040000E-01   0.4350000E-02   0.8500000E-03  -0.6529408E-02
  0.9562000E+00   0.3885000E-01   0.3550000E-02   0.1400000E-02  -0.1757070E-01
  0.9546500E+00   0.3985000E-01   0.4300000E-02   0.1200000E-02   0.4462560E-02
  0.9540000E+00   0.4070000E-01   0.4500000E-02   0.8000000E-03  -0.5176836E-02
  0.9521000E+00   0.4070000E-01   0.5350000E-02   0.1850000E-02  -0.4046585E-01
  0.9529000E+00   0.4055000E-01   0.5300000E-02   0.1250000E-02  -0.2317877E-01
  0.9425000E+00   0.4125000E-01   0.8000000E-02   0.8250000E-02  -0.1872904E+00
  0.9553500E+00   0.3870000E-01   0.4850000E-02   0.1100000E-02  -0.3668906E-01
  0.9552500E+00   0.3850000E-01   0.4900000E-02   0.1350000E-02  -0.2630163E-01
  0.9527000E+00   0.4075000E-01   0.5100000E-02   0.1450000E-02  -0.2263846E-01
  0.9550000E+00   0.3875000E-01   0.5250000E-02   0.1000000E-02  -0.1091336E-01
  0.9553500E+00   0.3985000E-01   0.3850000E-02   0.9500000E-03   0.2503923E-02
  0.9515500E+00   0.4115000E-01   0.4500000E-02   0.2800000E-02  -0.5511220E-01
  0.9462500E+00   0.4130000E-01   0.7300000E-02   0.5150000E-02   0.1218717E+00
  0.9546500E+00   0.4020000E-01   0.3900000E-02   0.1250000E-02  -0.1854920E-01
  0.9540000E+00   0.4185000E-01   0.3650000E-02   0.5000000E-03  -0.1677434E-02
  0.9556500E+00   0.3955000E-01   0.3900000E-02   0.9000000E-03   0.1645361E-02
  0.9544500E+00   0.3940000E-01   0.5000000E-02   0.1150000E-02  -0.1221736E-01
  0.9538500E+00   0.4045000E-01   0.4200000E-02   0.1500000E-02  -0.3337149E-01
  0.9524000E+00   0.4065000E-01   0.4700000E-02   0.2250000E-02  -0.4777907E-01
  0.9528500E+00   0.4075000E-01   0.4900000E-02   0.1500000E-02  -0.3625658E-01
  0.9574000E+00   0.3825000E-01   0.3700000E-02   0.6500000E-03   0.1536906E-02
  0.9541000E+00   0.3930000E-01   0.4800000E-02   0.1800000E-02  -0.3184122E-01
  0.9540000E+00   0.4140000E-01   0.3800000E-02   0.8000000E-03  -0.1763705E-01
  0.9542000E+00   0.4040000E-01   0.4300000E-02   0.1100000E-02  -0.1345975E-01
  0.9513000E+00   0.4260000E-01   0.5100000E-02   0.1000000E-02  -0.2104200E-01
  0.9512500E+00   0.4075000E-01   0.4750000E-02   0.3250000E-02  -0.7156144E-01
  0.9345500E+00   0.4245000E-01   0.8150000E-02   0.1485000E-01  -0.3324759E+00
  0.9549000E+00   0.3955000E-01   0.4600000E-02   0.9500000E-03   0.9520844E-02
  0.9573000E+00   0.3835000E-01   0.3500000E-02   0.8500000E-03   0.5103973E-02
  0.9554500E+00   0.3920000E-01   0.4550000E-02   0.8000000E-03   0.1602976E-02
  0.9511500E+00   0.4220000E-01   0.5500000E-02   0.1150000E-02   0.9104183E-02
  0.9547000E+00   0.3965000E-01   0.4350000E-02   0.1300000E-02   0.5862869E-02
  0.9555500E+00   0.3900000E-01   0.4000000E-02   0.1450000E-02   0.2034354E-01
  0.9544500E+00   0.4015000E-01   0.4400000E-02   0.1000000E-02  -0.4548601E-02
  0.9540500E+00   0.4005000E-01   0.4650000E-02   0.1250000E-02   0.8159234E-02
  0.9558000E+00   0.3925000E-01   0.3950000E-02   0.1000000E-02   0.8492583E-02
  0.9554000E+00   0.3945000E-01   0.3950000E-02   0.1200000E-02  -0.5975149E-02
  0.9552000E+00   0.3935000E-01   0.4450000E-02   0.1000000E-02  -0.7517914E-02
  0.9549000E+00   0.4070000E-01   0.3550000E-02   0.8500000E-03   0.1432325E-02
  0.9570000E+00   0.3775000E-01   0.4100000E-02   0.1150000E-02  -0.1679857E-02
  0.9550000E+00   0.3950000E-01   0.4350000E-02   0.1150000E-02   0.3633380E-02
  0.9554500E+00   0.3900000E-01   0.4400000E-02   0.1150000E-02   0.1929288E-01
  0.9562000E+00   0.3765000E-01   0.5000000E-02   0.1150000E-02   0.2456003E-01
  0.9577500E+00   0.3745000E-01   0.3850000E-02   0.9500000E-03  -0.8531392E-02
  0.9555500E+00   0.4015000E-01   0.3300000E-02   0.1000000E-02   0.6393786E-03
  0.9540000E+00   0.4065000E-01   0.4500000E-02   0.8500000E-03   0.1051680E-01
  0.9535500E+00   0.4160000E-01   0.3900000E-02   0.9500000E-03   0.8605560E-02
  0.9550500E+00   0.3965000E-01   0.4450000E-02   0.8500000E-03   0.2424992E-02
  0.9539500E+00   0.4090000E-01   0.4100000E-02   0.1050000E-02  -0.1332775E-01
  0.9562000E+00   0.3845000E-01   0.4450000E-02   0.9000000E-03   0.1638726E-02
  0.9528500E+00   0.4155000E-01   0.4600000E-02   0.1000000E-02  -0.1097564E-01
  0.9551000E+00   0.4035000E-01   0.3600000E-02   0.9500000E-03   0.1142837E-02
  0.9536000E+00   0.4150000E-01   0.3600000E-02   0.1300000E-02  -0.3708703E-02
  0.9545500E+00   0.4080000E-01   0.3850000E-02   0.8000000E-03  -0.8934303E-02
  0.9539000E+00   0.4085000E-01   0.4050000E-02   0.1200000E-02  -0.2221595E-01
  0.9528000E+00   0.4165000E-01   0.4150000E-02   0.1400000E-02  -0.1151945E-01
  0.9557000E+00   0.3965000E-01   0.3700000E-02   0.9500000E-03  -0.4352124E-02
  0.9550000E+00   0.3955000E-01   0.4500000E-02   0.9500000E-03  -0.6559963E-03
  0.9574500E+00   0.3805000E-01   0.3600000E-02   0.9000000E-03   0.5704067E-02
  0.9545000E+00   0.4030000E-01   0.4400000E-02   0.8000000E-03   0.1343717E-01
  0.9567000E+00   0.3800000E-01   0.4050000E-02   0.1250000E-02   0.7486992E-02
  0.9520000E+00   0.4320000E-01   0.3950000E-02   0.8500000E-03   0.1375765E-01
  0.9537500E+00   0.4025000E-01   0.4850000E-02   0.1150000E-02   0.1709366E-01
  0.9531000E+00   0.4065000E-01   0.4350000E-02   0.1900000E-02   0.3201297E-01
  0.9508500E+00   0.4350000E-01   0.4100000E-02   0.1550000E-02   0.2607897E-01
  0.9497500E+00   0.4310000E-01   0.4850000E-02   0.2300000E-02  -0.5185180E-01
  0.9543500E+00   0.4050000E-01   0.4450000E-02   0.7000000E-03  -0.2073554E-01
  0.9551500E+00   0.3960000E-01   0.4150000E-02   0.1100000E-02  -0.1438565E-01
  0.9563000E+00   0.3795000E-01   0.4150000E-02   0.1600000E-02   0.2174395E-01
  0.9533000E+00   0.4025000E-01   0.5200000E-02   0.1250000E-02  -0.8197056E-02
