           PIP1            PIP2            PIP3            PIP4           alpha
  0.9472000E+00   0.4775000E-01   0.4050000E-02   0.1000000E-02  -0.5774098E-02
  0.9479500E+00   0.4625000E-01   0.4200000E-02   0.1600000E-02  -0.1876510E-01
  0.9494000E+00   0.4570000E-01   0.3850000E-02   0.1050000E-02  -0.1754494E-01
  0.9462000E+00   0.4735000E-01   0.4700000E-02   0.1750000E-02   0.3704034E-01
  0.9473500E+00   0.4635000E-01   0.5150000E-02   0.1150000E-02   0.1792231E-01
  0.9453000E+00   0.4830000E-01   0.4600000E-02   0.1800000E-02  -0.3796251E-01
  0.9480500E+00   0.4720000E-01   0.3900000E-02   0.8500000E-03  -0.1257102E-01
  0.9510500E+00   0.4310000E-01   0.4450000E-02   0.1400000E-02   0.9849493E-02
  0.9499000E+00   0.4480000E-01   0.4100000E-02   0.1200000E-02   0.1866324E-01
  0.9499500E+00   0.4520000E-01   0.3700000E-02   0.1150000E-02   0.1603385E-01
  0.9484000E+00   0.4655000E-01   0.4000000E-02   0.1050000E-02  -0.2045230E-02
  0.9499000E+00   0.4465000E-01   0.4550000E-02   0.9000000E-03  -0.1068098E-01
  0.9490000E+00   0.4630000E-01   0.3850000E-02   0.8500000E-03  -0.2147424E-01
  0.9460000E+00   0.4660000E-01   0.5400000E-02   0.2000000E-02  -0.4124181E-01
  0.9431000E+00   0.4835000E-01   0.5200000E-02   0.3350000E-02  -0.7282477E-01
  0.9460500E+00   0.4915000E-01   0.4000000E-02   0.8000000E-03  -0.2620687E-02
  0.9480000E+00   0.4670000E-01   0.4500000E-02   0.8000000E-03   0.1760574E-01
  0.9434000E+00   0.4685000E-01   0.6950000E-02   0.2800000E-02  -0.6517625E-01
  0.9482000E+00   0.4530000E-01   0.4900000E-02   0.1600000E-02  -0.4023796E-01
  0.9447000E+00   0.5020000E-01   0.3750000E-02   0.1350000E-02   0.2207943E-02
  0.9492000E+00   0.4555000E-01   0.4400000E-02   0.8500000E-03   0.1003206E-01
  0.9487000E+00   0.4590000E-01   0.3950000E-02   0.1450000E-02   0.1060833E-01
  0.9468500E+00   0.4720000E-01   0.4600000E-02   0.1350000E-02  -0.2462074E-01
  0.9483500E+00   0.4570000E-01   0.5050000E-02   0.9000000E-03  -0.1158990E-01
  0.9471000E+00   0.4700000E-01   0.4750000E-02   0.1150000E-02   0.1278114E-01
  0.9444000E+00   0.4910000E-01   0.5450000E-02   0.1050000E-02   0.2142115E-01
  0.9442500E+00   0.4695000E-01   0.5350000E-02   0.3450000E-02   0.7955073E-01
  0.9482000E+00   0.4670000E-01   0.3850000E-02   0.1250000E-02  -0.2727321E-01
  0.9478500E+00   0.4730000E-01   0.3800000E-02   0.1050000E-02  -0.3266196E-01
  0.9443500E+00   0.4850000E-01   0.4850000E-02   0.2300000E-02   0.6023557E-01
  0.9436500E+00   0.4925000E-01   0.5150000E-02   0.1950000E-02   0.5613291E-01
  0.9452000E+00   0.4845000E-01   0.5100000E-02   0.1250000E-02  -0.2449448E-01
  0.9462000E+00   0.4740000E-01   0.4950000E-02   0.1450000E-02  -0.3183602E-01
  0.9360500E+00   0.5070000E-01   0.7800000E-02   0.5450000E-02   0.1350707E+00
  0.9414500E+00   0.4530000E-01   0.7500000E-02   0.5750000E-02   0.1332565E+00
  0.9442000E+00   0.4845000E-01   0.4350000E-02   0.3000000E-02   0.6690251E-01
  0.9421000E+00   0.4805000E-01   0.6150000E-02   0.3700000E-02   0.9845645E-01
  0.9471000E+00   0.4765000E-01   0.4250000E-02   0.1000000E-02   0.1101562E-01
  0.9517500E+00   0.4305000E-01   0.4350000E-02   0.8500000E-03  -0.2626460E-02
  0.9488000E+00   0.4710000E-01   0.3200000E-02   0.9000000E-03  -0.9824150E-03
  0.9502000E+00   0.4445000E-01   0.3900000E-02   0.1450000E-02  -0.1436177E-01
  0.9499000E+00   0.4585000E-01   0.3600000E-02   0.6500000E-03   0.2296120E-02
  0.9478500E+00   0.4690000E-01   0.4200000E-02   0.1050000E-02  -0.4882452E-03
  0.9504000E+00   0.4525000E-01   0.3200000E-02   0.1150000E-02  -0.5009803E-02
  0.9480000E+00   0.4465000E-01   0.5950000E-02   0.1400000E-02  -0.2557242E-01
  0.9465000E+00   0.4645000E-01   0.5100000E-02   0.1950000E-02  -0.3538534E-01
  0.9465500E+00   0.4735000E-01   0.4700000E-02   0.1400000E-02  -0.3573026E-01
  0.9466500E+00   0.4655000E-01   0.5300000E-02   0.1500000E-02  -0.3633422E-01
  0.9467500E+00   0.4780000E-01   0.4050000E-02   0.1400000E-02  -0.1711049E-01
  0.9512000E+00   0.4355000E-01   0.3800000E-02   0.1450000E-02  -0.2376773E-01
  0.9436500E+00   0.4860000E-01   0.5700000E-02   0.2050000E-02  -0.4753794E-01
  0.9449000E+00   0.4850000E-01   0.4850000E-02   0.1750000E-02  -0.4534961E-01
  0.9423500E+00   0.4785000E-01   0.6800000E-02   0.3000000E-02  -0.6898771E-01
  0.9480500E+00   0.4645000E-01   0.4400000E-02   0.1100000E-02  -0.4717727E-02
  0.9471000E+00   0.4755000E-01   0.4250000E-02   0.1100000E-02   0.5644703E-02
  0.9439000E+00   0.5060000E-01   0.4600000E-02   0.9000000E-03   0.6059850E-02
  0.9501000E+00   0.4415000E-01   0.4850000E-02   0.9000000E-03   0.1929365E-02
  0.9460500E+00   0.4645000E-01   0.5650000E-02   0.1850000E-02   0.4860608E-01
  0.9484000E+00   0.4495000E-01   0.4600000E-02   0.2050000E-02   0.4484279E-01
  0.9433000E+00   0.4840000E-01   0.5300000E-02   0.3000000E-02   0.6699739E-01
  0.9489000E+00   0.4580000E-01   0.4200000E-02   0.1100000E-02   0.1053321E-01
  0.9462500E+00   0.4770000E-01   0.4900000E-02   0.1150000E-02   0.1687572E-01
  0.9471000E+00   0.4780000E-01   0.4250000E-02   0.8500000E-03   0.1613932E-01
  0.9474000E+00   0.4710000E-01   0.4550000E-02   0.9500000E-03   0.1342490E-01
  0.9473000E+00   0.4675000E-01   0.4850000E-02   0.1100000E-02  -0.9561478E-02
  0.9478000E+00   0.4530000E-01   0.5100000E-02   0.1800000E-02   0.3864225E-01
  0.9480000E+00   0.4500000E-01   0.5000000E-02   0.2000000E-02   0.3493701E-01
  0.9470000E+00   0.4585000E-01   0.5000000E-02   0.2150000E-02   0.4189895E-01
  0.9459500E+00   0.4755000E-01   0.4850000E-02   0.1650000E-02   0.3219750E-01
  0.9484500E+00   0.4515000E-01   0.4950000E-02   0.1450000E-02   0.2288731E-01
  0.9457000E+00   0.4905000E-01   0.4200000E-02   0.1050000E-02   0.7106455E-02
  0.9488000E+00   0.4555000E-01   0.4650000E-02   0.1000000E-02   0.4696728E-02
  0.9489500E+00   0.4610000E-01   0.3800000E-02   0.1150000E-02   0.2812313E-01
  0.9482500E+00   0.4715000E-01   0.3300000E-02   0.1300000E-02  -0.1771715E-01
  0.9369000E+00   0.5165000E-01   0.7050000E-02   0.4400000E-02   0.1165705E+00
  0.9483000E+00   0.4685000E-01   0.3850000E-02   0.1000000E-02  -0.3841514E-02
  0.9466500E+00   0.4795000E-01   0.4300000E-02   0.1100000E-02  -0.8064826E-02
  0.9474000E+00   0.4740000E-01   0.4150000E-02   0.1050000E-02  -0.1126092E-01
  0.9465000E+00   0.4815000E-01   0.3900000E-02   0.1450000E-02   0.3038384E-01
  0.9490500E+00   0.4620000E-01   0.4000000E-02   0.7500000E-03  -0.3890679E-02
  0.9496000E+00   0.4555000E-01   0.3650000E-02   0.1200000E-02   0.2328479E-02
  0.9484500E+00   0.4575000E-01   0.4300000E-02   0.1500000E-02  -0.2084123E-01
  0.9465000E+00   0.4820000E-01   0.4050000E-02   0.1250000E-02   0.6248412E-02
  0.9474000E+00   0.4755000E-01   0.3950000E-02   0.1100000E-02   0.4570437E-02
  0.9487000E+00   0.4670000E-01   0.3500000E-02   0.1100000E-02  -0.2477390E-02
  0.9479000E+00   0.4635000E-01   0.4450000E-02   0.1300000E-02  -0.6267118E-02
  0.9445000E+00   0.4690000E-01   0.5950000E-02   0.2650000E-02   0.6727610E-01
  0.9506000E+00   0.4495000E-01   0.3850000E-02   0.6000000E-03  -0.1245482E-01
  0.9473500E+00   0.4820000E-01   0.3700000E-02   0.7500000E-03   0.8051399E-02
  0.9496500E+00   0.4580000E-01   0.3650000E-02   0.9000000E-03  -0.1861130E-01
  0.9461500E+00   0.4705000E-01   0.5150000E-02   0.1650000E-02   0.3986077E-01
  0.9488500E+00   0.4475000E-01   0.4350000E-02   0.2050000E-02  -0.3730579E-01
  0.9473000E+00   0.4645000E-01   0.5150000E-02   0.1100000E-02  -0.2841117E-01
  0.9449500E+00   0.4635000E-01   0.6100000E-02   0.2600000E-02  -0.5345990E-01
  0.9448000E+00   0.4830000E-01   0.4650000E-02   0.2250000E-02  -0.4712132E-01
  0.9434000E+00   0.4810000E-01   0.5000000E-02   0.3500000E-02  -0.9044812E-01
  0.9453000E+00   0.4675000E-01   0.5950000E-02   0.2000000E-02  -0.4846611E-01
  0.9473500E+00   0.4520000E-01   0.5150000E-02   0.2300000E-02   0.5563150E-01
  0.9472500E+00   0.4730000E-01   0.4050000E-02   0.1400000E-02  -0.7592747E-02
  0.9494000E+00   0.4545000E-01   0.4050000E-02   0.1100000E-02  -0.1114754E-01
  0.9464500E+00   0.4795000E-01   0.4600000E-02   0.1000000E-02  -0.1719342E-01
  0.9442000E+00   0.4950000E-01   0.4800000E-02   0.1500000E-02  -0.2727106E-01
  0.9490500E+00   0.4595000E-01   0.3850000E-02   0.1150000E-02  -0.2018156E-01
  0.9465500E+00   0.4780000E-01   0.4100000E-02   0.1550000E-02  -0.2182246E-01
  0.9428500E+00   0.4975000E-01   0.5450000E-02   0.1950000E-02  -0.4795401E-01
  0.9461500E+00   0.4780000E-01   0.4500000E-02   0.1550000E-02   0.3648181E-01
  0.9493500E+00   0.4505000E-01   0.4400000E-02   0.1200000E-02   0.1542700E-01
  0.9471500E+00   0.4660000E-01   0.4400000E-02   0.1850000E-02   0.1944389E-01
  0.9447500E+00   0.4790000E-01   0.5650000E-02   0.1700000E-02   0.4561742E-01
  0.9458500E+00   0.4855000E-01   0.4550000E-02   0.1050000E-02   0.7802195E-02
  0.9481500E+00   0.4655000E-01   0.4250000E-02   0.1050000E-02   0.1528662E-01
  0.9485000E+00   0.4575000E-01   0.4800000E-02   0.9500000E-03  -0.1202467E-02
  0.9493000E+00   0.4500000E-01   0.4500000E-02   0.1200000E-02   0.9030911E-02
  0.9483000E+00   0.4575000E-01   0.4600000E-02   0.1350000E-02   0.2757211E-01
  0.9440000E+00   0.4915000E-01   0.4850000E-02   0.2000000E-02  -0.4676587E-01
  0.9441500E+00   0.4720000E-01   0.6450000E-02   0.2200000E-02  -0.7034554E-01
  0.9472500E+00   0.4675000E-01   0.5050000E-02   0.9500000E-03  -0.5441194E-02
  0.9443500E+00   0.4845000E-01   0.5400000E-02   0.1800000E-02  -0.4478853E-01
  0.9469500E+00   0.4580000E-01   0.4800000E-02   0.2450000E-02  -0.4371206E-01
  0.9450500E+00   0.4750000E-01   0.5350000E-02   0.2100000E-02  -0.5912400E-01
  0.9468000E+00   0.4785000E-01   0.4100000E-02   0.1250000E-02  -0.1902098E-01
  0.9357000E+00   0.4720000E-01   0.7650000E-02   0.9450000E-02  -0.2160262E+00
  0.9477000E+00   0.4730000E-01   0.4150000E-02   0.8500000E-03   0.9555769E-02
  0.9453000E+00   0.4815000E-01   0.4500000E-02   0.2050000E-02   0.3583814E-01
  0.9484500E+00   0.4625000E-01   0.4650000E-02   0.6500000E-03  -0.8700734E-02
  0.9448500E+00   0.4750000E-01   0.5350000E-02   0.2300000E-02   0.6044187E-01
  0.9435000E+00   0.4785000E-01   0.6000000E-02   0.2650000E-02   0.6751111E-01
  0.9454000E+00   0.4725000E-01   0.5350000E-02   0.2000000E-02   0.6390839E-01
  0.9458500E+00   0.4575000E-01   0.6150000E-02   0.2250000E-02   0.6674951E-01
  0.9386000E+00   0.5035000E-01   0.7250000E-02   0.3800000E-02   0.8941387E-01
  0.9408000E+00   0.4620000E-01   0.7750000E-02   0.5250000E-02   0.1266780E+00
  0.9477500E+00   0.4715000E-01   0.4000000E-02   0.1100000E-02   0.2361401E-01
  0.9449000E+00   0.4880000E-01   0.4300000E-02   0.2000000E-02   0.3488827E-01
  0.9427000E+00   0.4835000E-01   0.5950000E-02   0.3000000E-02  -0.8114817E-01
  0.9511000E+00   0.4385000E-01   0.4100000E-02   0.9500000E-03  -0.1491290E-01
  0.9490500E+00   0.4570000E-01   0.4250000E-02   0.1000000E-02   0.1114222E-02
  0.9480500E+00   0.4730000E-01   0.3700000E-02   0.9500000E-03   0.9694448E-02
  0.9461500E+00   0.4840000E-01   0.4550000E-02   0.9000000E-03   0.7674624E-02
  0.9489000E+00   0.4645000E-01   0.3800000E-02   0.8500000E-03  -0.1515599E-03
  0.9482000E+00   0.4700000E-01   0.3600000E-02   0.1200000E-02   0.2380060E-02
  0.9473500E+00   0.4695000E-01   0.4650000E-02   0.1050000E-02   0.4449758E-02
  0.9455500E+00   0.4795000E-01   0.5200000E-02   0.1300000E-02   0.8711485E-02
  0.9479000E+00   0.4700000E-01   0.4100000E-02   0.1000000E-02   0.6385331E-02
  0.9501500E+00   0.4435000E-01   0.4400000E-02   0.1100000E-02  -0.1021307E-01
  0.9464500E+00   0.4610000E-01   0.5150000E-02   0.2300000E-02   0.3829201E-01
  0.9478500E+00   0.4340000E-01   0.6050000E-02   0.2700000E-02   0.6351067E-01
  0.9460500E+00   0.4745000E-01   0.5200000E-02   0.1300000E-02   0.2588775E-01
  0.9433000E+00   0.4650000E-01   0.7300000E-02   0.2900000E-02  -0.8139464E-01
  0.9460500E+00   0.4845000E-01   0.4650000E-02   0.8500000E-03  -0.2380593E-01
  0.9495000E+00   0.4505000E-01   0.4250000E-02   0.1200000E-02   0.2551331E-03
  0.9490500E+00   0.4625000E-01   0.4050000E-02   0.6500000E-03  -0.4784926E-02
  0.9476000E+00   0.4675000E-01   0.3900000E-02   0.1750000E-02   0.2943650E-01
  0.9486000E+00   0.4710000E-01   0.3500000E-02   0.8000000E-03   0.6444078E-03
  0.9459000E+00   0.4880000E-01   0.4350000E-02   0.9500000E-03  -0.3987302E-02
  0.9433000E+00   0.4755000E-01   0.5900000E-02   0.3250000E-02   0.7895937E-01
  0.9402500E+00   0.4905000E-01   0.7400000E-02   0.3300000E-02   0.8726854E-01
  0.9499000E+00   0.4470000E-01   0.4200000E-02   0.1200000E-02   0.1801590E-01
  0.9430500E+00   0.4875000E-01   0.5250000E-02   0.2950000E-02  -0.6992712E-01
  0.9403000E+00   0.5045000E-01   0.6500000E-02   0.2750000E-02   0.8229788E-01
  0.9453500E+00   0.4770000E-01   0.5300000E-02   0.1650000E-02   0.3474177E-01
  0.9441500E+00   0.4780000E-01   0.6300000E-02   0.1750000E-02   0.5353484E-01
  0.9462500E+00   0.4810000E-01   0.4500000E-02   0.1150000E-02   0.2920923E-01
  0.9465000E+00   0.4815000E-01   0.4200000E-02   0.1150000E-02   0.1178595E-01
  0.9469000E+00   0.4800000E-01   0.4350000E-02   0.7500000E-03   0.4961308E-02
  0.9350000E+00   0.4840000E-01   0.7950000E-02   0.8650000E-02   0.2045474E+00
  0.9477500E+00   0.4585000E-01   0.4600000E-02   0.1800000E-02  -0.4658477E-01
  0.9474500E+00   0.4660000E-01   0.5050000E-02   0.9000000E-03  -0.8836263E-02
  0.9420000E+00   0.4905000E-01   0.5550000E-02   0.3400000E-02   0.8219496E-01
  0.9496000E+00   0.4635000E-01   0.3650000E-02   0.4000000E-03  -0.1012093E-01
  0.9499000E+00   0.4520000E-01   0.4100000E-02   0.8000000E-03   0.9484803E-02
  0.9473000E+00   0.4690000E-01   0.4950000E-02   0.8500000E-03   0.1618227E-01
  0.9500500E+00   0.4505000E-01   0.4000000E-02   0.9000000E-03   0.2165268E-02
  0.9450500E+00   0.4730000E-01   0.5600000E-02   0.2050000E-02   0.4782435E-01
  0.9477500E+00   0.4670000E-01   0.4600000E-02   0.9500000E-03   0.1094162E-01
  0.9508500E+00   0.4460000E-01   0.3650000E-02   0.9000000E-03   0.1647002E-01
  0.9461500E+00   0.4865000E-01   0.4600000E-02   0.6000000E-03   0.1765203E-01
  0.9478500E+00   0.4695000E-01   0.4150000E-02   0.1050000E-02   0.9383831E-02
  0.9471000E+00   0.4690000E-01   0.5050000E-02   0.9500000E-03   0.1036491E-01
  0.9491000E+00   0.4475000E-01   0.5050000E-02   0.1100000E-02   0.1841929E-01
  0.9484500E+00   0.4605000E-01   0.4300000E-02   0.1200000E-02   0.1014031E-01
  0.9500500E+00   0.4310000E-01   0.5550000E-02   0.1300000E-02  -0.1738501E-02
  0.9482000E+00   0.4645000E-01   0.4350000E-02   0.1000000E-02   0.1637767E-01
  0.9489000E+00   0.4595000E-01   0.4000000E-02   0.1150000E-02   0.2781078E-02
  0.9472500E+00   0.4740000E-01   0.4100000E-02   0.1250000E-02   0.2376670E-02
  0.9483500E+00   0.4670000E-01   0.3700000E-02   0.1250000E-02   0.1150246E-01
  0.9469000E+00   0.4695000E-01   0.4650000E-02   0.1500000E-02   0.2958529E-01
  0.9180500E+00   0.5270000E-01   0.1035000E-01   0.1890000E-01  -0.4364620E+00
  0.9453000E+00   0.4780000E-01   0.4700000E-02   0.2200000E-02   0.3982832E-01
  0.9453000E+00   0.4650000E-01   0.6100000E-02   0.2100000E-02   0.5038004E-01
  0.9449500E+00   0.4595000E-01   0.5750000E-02   0.3350000E-02   0.7628491E-01
  0.9471500E+00   0.4655000E-01   0.4400000E-02   0.1900000E-02  -0.4156616E-01
  0.9495000E+00   0.4520000E-01   0.4000000E-02   0.1300000E-02  -0.3985892E-02
  0.9467000E+00   0.4545000E-01   0.6000000E-02   0.1850000E-02   0.4447127E-01
  0.9455000E+00   0.4820000E-01   0.4450000E-02   0.1850000E-02   0.3108294E-01
  0.9481500E+00   0.4505000E-01   0.5450000E-02   0.1350000E-02   0.3728239E-01
  0.9411500E+00   0.4895000E-01   0.6450000E-02   0.3450000E-02   0.9137272E-01
  0.9421500E+00   0.4830000E-01   0.6500000E-02   0.3050000E-02   0.7726552E-01
  0.9456500E+00   0.4765000E-01   0.5000000E-02   0.1700000E-02   0.4324156E-01
  0.9450500E+00   0.4750000E-01   0.5650000E-02   0.1800000E-02  -0.5695995E-01
  0.9492500E+00   0.4555000E-01   0.4550000E-02   0.6500000E-03   0.1123182E-01
  0.9474500E+00   0.4545000E-01   0.5050000E-02   0.2050000E-02   0.4005527E-01
  0.9479000E+00   0.4700000E-01   0.4050000E-02   0.1050000E-02   0.5533608E-02
  0.9448000E+00   0.4780000E-01   0.5050000E-02   0.2350000E-02  -0.4902238E-01
  0.9466000E+00   0.4790000E-01   0.4250000E-02   0.1250000E-02  -0.2935180E-01
  0.9469000E+00   0.4705000E-01   0.4900000E-02   0.1150000E-02  -0.1899656E-01
  0.9448000E+00   0.4955000E-01   0.4500000E-02   0.1150000E-02   0.2254759E-01
  0.9439500E+00   0.4665000E-01   0.6400000E-02   0.3000000E-02   0.7140020E-01
  0.9488500E+00   0.4595000E-01   0.4300000E-02   0.9000000E-03   0.1053331E-01
  0.9441000E+00   0.4865000E-01   0.5400000E-02   0.1850000E-02   0.4650834E-01
  0.9462000E+00   0.4740000E-01   0.5250000E-02   0.1150000E-02  -0.2335586E-01
  0.9452000E+00   0.4785000E-01   0.5000000E-02   0.1950000E-02  -0.3951882E-01
  0.9491500E+00   0.4575000E-01   0.4250000E-02   0.8500000E-03  -0.4057555E-02
  0.9411000E+00   0.4925000E-01   0.6000000E-02   0.3650000E-02  -0.8078053E-01
  0.9456500E+00   0.4770000E-01   0.5250000E-02   0.1400000E-02  -0.3242753E-01
  0.9490000E+00   0.4560000E-01   0.4300000E-02   0.1100000E-02  -0.1257525E-01
  0.9477500E+00   0.4735000E-01   0.3500000E-02   0.1400000E-02  -0.2125361E-01
  0.9487500E+00   0.4535000E-01   0.4850000E-02   0.1050000E-02   0.2333652E-01
  0.9464500E+00   0.4805000E-01   0.4400000E-02   0.1100000E-02   0.2827911E-01
  0.9453500E+00   0.4720000E-01   0.5600000E-02   0.1850000E-02   0.4690258E-01
  0.9426500E+00   0.4770000E-01   0.6400000E-02   0.3250000E-02   0.8593348E-01
  0.9474500E+00   0.4630000E-01   0.4800000E-02   0.1450000E-02   0.1401940E-02
  0.9487500E+00   0.4525000E-01   0.5300000E-02   0.7000000E-03   0.1973920E-01
  0.9477500E+00   0.4590000E-01   0.4750000E-02   0.1600000E-02  -0.3085531E-01
  0.9459500E+00   0.4825000E-01   0.4000000E-02   0.1800000E-02   0.8565859E-02
  0.9406500E+00   0.4900000E-01   0.6300000E-02   0.4050000E-02   0.8602001E-01
  0.9450500E+00   0.4640000E-01   0.5600000E-02   0.2950000E-02   0.7579572E-01
  0.9472500E+00   0.4635000E-01   0.4850000E-02   0.1550000E-02   0.3844125E-01
  0.9462000E+00   0.4710000E-01   0.5050000E-02   0.1650000E-02  -0.3758400E-01
  0.9477000E+00   0.4660000E-01   0.4750000E-02   0.9500000E-03   0.2578455E-03
  0.9476500E+00   0.4725000E-01   0.4100000E-02   0.1000000E-02   0.1211354E-02
  0.9485000E+00   0.4595000E-01   0.4000000E-02   0.1550000E-02  -0.2649257E-01
  0.9453000E+00   0.4885000E-01   0.4450000E-02   0.1400000E-02   0.1228816E-01
  0.9480000E+00   0.4680000E-01   0.4300000E-02   0.9000000E-03  -0.3371165E-02
  0.9489500E+00   0.4575000E-01   0.4450000E-02   0.8500000E-03   0.1907442E-01
  0.9475500E+00   0.4720000E-01   0.4250000E-02   0.1000000E-02   0.2141751E-01
  0.9486000E+00   0.4620000E-01   0.4500000E-02   0.7000000E-03   0.3721969E-02
  0.9466500E+00   0.4725000E-01   0.4950000E-02   0.1150000E-02  -0.1787899E-01
  0.9477000E+00   0.4670000E-01   0.4350000E-02   0.1250000E-02  -0.3192237E-01
  0.9488000E+00   0.4525000E-01   0.4750000E-02   0.1200000E-02  -0.1774187E-01
  0.9471500E+00   0.4785000E-01   0.3850000E-02   0.1150000E-02   0.1954649E-01
  0.9472000E+00   0.4695000E-01   0.4550000E-02   0.1300000E-02   0.1891968E-01
  0.9452500E+00   0.4855000E-01   0.4200000E-02   0.2000000E-02   0.2527726E-01
  0.9440000E+00   0.4900000E-01   0.5300000E-02   0.1700000E-02  -0.3923374E-01
  0.9465000E+00   0.4580000E-01   0.5300000E-02   0.2400000E-02  -0.6018245E-01
  0.9455500E+00   0.4750000E-01   0.5150000E-02   0.1800000E-02  -0.4091049E-01
  0.9390500E+00   0.4885000E-01   0.6950000E-02   0.5150000E-02   0.1291924E+00
  0.9489000E+00   0.4585000E-01   0.4350000E-02   0.9000000E-03  -0.1537411E-01
  0.9480000E+00   0.4645000E-01   0.4450000E-02   0.1100000E-02  -0.1243923E-01
  0.9496000E+00   0.4440000E-01   0.4350000E-02   0.1650000E-02  -0.7781633E-02
  0.9461000E+00   0.4840000E-01   0.4000000E-02   0.1500000E-02  -0.2768118E-01
  0.9455000E+00   0.4715000E-01   0.5500000E-02   0.1850000E-02  -0.3163081E-01
  0.9463000E+00   0.4695000E-01   0.4650000E-02   0.2100000E-02  -0.5004673E-01
  0.9491000E+00   0.4580000E-01   0.4350000E-02   0.7500000E-03  -0.1997839E-02
  0.9396500E+00   0.5170000E-01   0.5700000E-02   0.2950000E-02   0.7594340E-01
  0.9492000E+00   0.4605000E-01   0.4400000E-02   0.3500000E-03  -0.4826969E-03
  0.9493000E+00   0.4590000E-01   0.3550000E-02   0.1250000E-02  -0.3586573E-02
  0.9476500E+00   0.4660000E-01   0.4150000E-02   0.1600000E-02   0.2101963E-01
  0.9467000E+00   0.4870000E-01   0.3550000E-02   0.1050000E-02   0.2219778E-01
  0.9523000E+00   0.4310000E-01   0.3600000E-02   0.1000000E-02  -0.5842942E-02
  0.9482000E+00   0.4735000E-01   0.3650000E-02   0.8000000E-03   0.1298377E-01
  0.9495500E+00   0.4545000E-01   0.4200000E-02   0.8000000E-03   0.1749504E-02
  0.9469500E+00   0.4815000E-01   0.4200000E-02   0.7000000E-03   0.1316320E-01
  0.9472000E+00   0.4760000E-01   0.4550000E-02   0.6500000E-03   0.2007378E-02
  0.9499000E+00   0.4490000E-01   0.4300000E-02   0.9000000E-03  -0.1020746E-01
  0.9488000E+00   0.4465000E-01   0.5250000E-02   0.1300000E-02   0.2598604E-01
  0.9442000E+00   0.4855000E-01   0.5300000E-02   0.1950000E-02  -0.5836495E-01
  0.9483000E+00   0.4595000E-01   0.4650000E-02   0.1100000E-02  -0.1606234E-01
  0.9387500E+00   0.5040000E-01   0.6550000E-02   0.4300000E-02   0.9922269E-01
  0.9477500E+00   0.4730000E-01   0.4450000E-02   0.5000000E-03   0.4858796E-02
  0.9462000E+00   0.4790000E-01   0.4700000E-02   0.1200000E-02  -0.2024257E-01
  0.9465000E+00   0.4695000E-01   0.4950000E-02   0.1600000E-02  -0.2870616E-01
  0.9462500E+00   0.4715000E-01   0.5600000E-02   0.1000000E-02  -0.2890775E-01
  0.9481500E+00   0.4620000E-01   0.4650000E-02   0.1000000E-02   0.9215498E-02
  0.9480000E+00   0.4530000E-01   0.5500000E-02   0.1200000E-02   0.2526091E-01
  0.9454500E+00   0.4815000E-01   0.5350000E-02   0.1050000E-02   0.1353244E-01
  0.9480500E+00   0.4680000E-01   0.4300000E-02   0.8500000E-03  -0.4606253E-02
  0.9426500E+00   0.4945000E-01   0.5550000E-02   0.2350000E-02  -0.6162651E-01
  0.9511500E+00   0.4435000E-01   0.4000000E-02   0.5000000E-03   0.6002742E-02
  0.9468500E+00   0.4780000E-01   0.4400000E-02   0.9500000E-03  -0.1148172E-01
  0.9465500E+00   0.4765000E-01   0.4450000E-02   0.1350000E-02  -0.1567851E-01
  0.9326500E+00   0.4905000E-01   0.7700000E-02   0.1060000E-01   0.2456173E+00
  0.9494500E+00   0.4460000E-01   0.4450000E-02   0.1500000E-02  -0.2213913E-01
  0.9516000E+00   0.4330000E-01   0.4350000E-02   0.7500000E-03  -0.7137168E-02
  0.9485000E+00   0.4590000E-01   0.4550000E-02   0.1050000E-02  -0.1511897E-01
  0.9516500E+00   0.4315000E-01   0.4000000E-02   0.1200000E-02  -0.8033572E-02
  0.9467500E+00   0.4815000E-01   0.4500000E-02   0.6000000E-03  -0.3662534E-02
  0.9440500E+00   0.4815000E-01   0.5600000E-02   0.2200000E-02  -0.5127071E-01
  0.9456500E+00   0.4670000E-01   0.5250000E-02   0.2400000E-02   0.5564262E-01
  0.9469000E+00   0.4825000E-01   0.4000000E-02   0.8500000E-03  -0.5677987E-02
  0.9429000E+00   0.4730000E-01   0.6550000E-02   0.3250000E-02  -0.8037509E-01
  0.9502500E+00   0.4390000E-01   0.4300000E-02   0.1550000E-02  -0.4258500E-02
  0.9468000E+00   0.4695000E-01   0.5050000E-02   0.1200000E-02  -0.2360630E-01
  0.9435000E+00   0.4785000E-01   0.5400000E-02   0.3250000E-02  -0.7498535E-01
  0.9506500E+00   0.4415000E-01   0.4400000E-02   0.8000000E-03  -0.1441892E-01
  0.9507000E+00   0.4475000E-01   0.3600000E-02   0.9500000E-03   0.6048213E-02
  0.9500000E+00   0.4470000E-01   0.4300000E-02   0.1000000E-02  -0.1044620E-01
  0.9444500E+00   0.4910000E-01   0.4550000E-02   0.1900000E-02   0.2947909E-01
  0.9475500E+00   0.4670000E-01   0.4800000E-02   0.9500000E-03   0.1482658E-01
  0.9476000E+00   0.4770000E-01   0.3800000E-02   0.9000000E-03   0.1620722E-01
  0.9433500E+00   0.5075000E-01   0.4500000E-02   0.1400000E-02   0.3072805E-01
  0.9487000E+00   0.4655000E-01   0.3600000E-02   0.1150000E-02   0.1509794E-01
  0.9476500E+00   0.4590000E-01   0.4750000E-02   0.1700000E-02  -0.2853330E-01
  0.9473500E+00   0.4730000E-01   0.4350000E-02   0.1000000E-02  -0.1829059E-01
  0.9497500E+00   0.4480000E-01   0.4150000E-02   0.1300000E-02   0.9693571E-04
  0.9482500E+00   0.4620000E-01   0.4400000E-02   0.1150000E-02  -0.2132422E-01
  0.9467500E+00   0.4705000E-01   0.4550000E-02   0.1650000E-02   0.2332320E-01
  0.9481000E+00   0.4560000E-01   0.5000000E-02   0.1300000E-02   0.4368071E-02
  0.9505000E+00   0.4335000E-01   0.5150000E-02   0.1000000E-02   0.2140139E-01
  0.9440000E+00   0.4910000E-01   0.4550000E-02   0.2350000E-02  -0.5205777E-01
  0.9492500E+00   0.4420000E-01   0.4900000E-02   0.1650000E-02   0.2693914E-01
  0.9465500E+00   0.4755000E-01   0.4700000E-02   0.1200000E-02   0.2651219E-01
  0.9439000E+00   0.4705000E-01   0.6550000E-02   0.2500000E-02   0.6404424E-01
  0.9501500E+00   0.4455000E-01   0.4400000E-02   0.9000000E-03  -0.1563026E-01
  0.9500500E+00   0.4530000E-01   0.3750000E-02   0.9000000E-03  -0.5339993E-02
  0.9444000E+00   0.4895000E-01   0.5350000E-02   0.1300000E-02  -0.3948110E-01
  0.9477000E+00   0.4785000E-01   0.3300000E-02   0.1150000E-02  -0.1235114E-01
  0.9481500E+00   0.4535000E-01   0.5000000E-02   0.1500000E-02  -0.2743656E-02
  0.9479500E+00   0.4625000E-01   0.4250000E-02   0.1550000E-02   0.3131661E-01
  0.9499000E+00   0.4395000E-01   0.4700000E-02   0.1450000E-02   0.2275371E-01
  0.9479500E+00   0.4680000E-01   0.3950000E-02   0.1300000E-02  -0.3008708E-01
  0.9465500E+00   0.4815000E-01   0.4350000E-02   0.9500000E-03   0.1435826E-01
  0.9477000E+00   0.4765000E-01   0.3650000E-02   0.1000000E-02   0.1544102E-01
  0.9448500E+00   0.4950000E-01   0.4450000E-02   0.1200000E-02   0.3105149E-01
  0.9478500E+00   0.4675000E-01   0.4100000E-02   0.1300000E-02   0.1598389E-01
  0.9487500E+00   0.4620000E-01   0.4250000E-02   0.8000000E-03   0.1568410E-01
  0.9494500E+00   0.4505000E-01   0.4400000E-02   0.1100000E-02  -0.1146435E-01
  0.9479500E+00   0.4700000E-01   0.4300000E-02   0.7500000E-03  -0.4952593E-02
  0.9465500E+00   0.4705000E-01   0.5250000E-02   0.1150000E-02  -0.2619745E-01
  0.9477000E+00   0.4555000E-01   0.5200000E-02   0.1550000E-02  -0.3074418E-01
  0.9479500E+00   0.4695000E-01   0.4100000E-02   0.1000000E-02   0.1852144E-01
  0.9450000E+00   0.4940000E-01   0.5000000E-02   0.6000000E-03   0.1498803E-01
  0.9465500E+00   0.4835000E-01   0.4300000E-02   0.8000000E-03   0.9122475E-02
  0.9499500E+00   0.4450000E-01   0.4500000E-02   0.1050000E-02   0.7881805E-02
  0.9458000E+00   0.4555000E-01   0.6150000E-02   0.2500000E-02  -0.6690849E-01
  0.9491000E+00   0.4625000E-01   0.3950000E-02   0.7000000E-03   0.1208527E-01
  0.9469500E+00   0.4745000E-01   0.4100000E-02   0.1500000E-02   0.2905715E-01
  0.9491000E+00   0.4630000E-01   0.3850000E-02   0.7500000E-03   0.1322186E-02
  0.9487500E+00   0.4605000E-01   0.4150000E-02   0.1050000E-02   0.8693430E-02
  0.9488500E+00   0.4515000E-01   0.4800000E-02   0.1200000E-02   0.1481364E-01
  0.9472500E+00   0.4745000E-01   0.4150000E-02   0.1150000E-02  -0.1327489E-01
  0.9494500E+00   0.4510000E-01   0.4450000E-02   0.1000000E-02   0.4730503E-02
  0.9476500E+00   0.4675000E-01   0.4050000E-02   0.1550000E-02   0.2071640E-01
  0.9464500E+00   0.4605000E-01   0.5350000E-02   0.2150000E-02  -0.4825138E-01
  0.9497500E+00   0.4510000E-01   0.4350000E-02   0.8000000E-03  -0.1052100E-01
  0.9483000E+00   0.4600000E-01   0.4650000E-02   0.1050000E-02   0.1772989E-01
  0.9486000E+00   0.4660000E-01   0.3800000E-02   0.1000000E-02   0.1008911E-01
  0.9459500E+00   0.4660000E-01   0.5050000E-02   0.2400000E-02   0.4377421E-01
  0.9501500E+00   0.4480000E-01   0.3950000E-02   0.1100000E-02  -0.1705139E-01
  0.9264500E+00   0.4785000E-01   0.1020000E-01   0.1550000E-01  -0.3587257E+00
  0.9494500E+00   0.4440000E-01   0.5050000E-02   0.1100000E-02  -0.1663488E-01
  0.9456500E+00   0.4895000E-01   0.4000000E-02   0.1400000E-02  -0.2479525E-01
  0.9479000E+00   0.4670000E-01   0.4500000E-02   0.9000000E-03  -0.1886159E-01
  0.9465500E+00   0.4710000E-01   0.4950000E-02   0.1400000E-02   0.2413498E-01
  0.9447000E+00   0.4885000E-01   0.4800000E-02   0.1650000E-02  -0.3678562E-01
  0.9492500E+00   0.4640000E-01   0.3400000E-02   0.9500000E-03   0.3316716E-02
  0.9502000E+00   0.4425000E-01   0.4650000E-02   0.9000000E-03   0.1961443E-01
  0.9500500E+00   0.4420000E-01   0.4200000E-02   0.1550000E-02  -0.2683452E-01
  0.9462000E+00   0.4680000E-01   0.4750000E-02   0.2250000E-02  -0.5711218E-01
  0.9473000E+00   0.4650000E-01   0.4650000E-02   0.1550000E-02  -0.3389458E-01
  0.9458500E+00   0.4750000E-01   0.4400000E-02   0.2250000E-02  -0.3573593E-01
  0.9468500E+00   0.4535000E-01   0.6050000E-02   0.1750000E-02  -0.4934419E-01
  0.9411500E+00   0.4800000E-01   0.6800000E-02   0.4050000E-02  -0.9216040E-01
  0.9478000E+00   0.4615000E-01   0.4650000E-02   0.1400000E-02  -0.2751266E-01
  0.9484500E+00   0.4545000E-01   0.4500000E-02   0.1600000E-02   0.3022527E-01
  0.9476000E+00   0.4605000E-01   0.4800000E-02   0.1550000E-02   0.3112114E-01
  0.9467000E+00   0.4565000E-01   0.5650000E-02   0.2000000E-02  -0.4492931E-01
  0.9507000E+00   0.4420000E-01   0.3900000E-02   0.1200000E-02   0.1281265E-01
  0.9514000E+00   0.4405000E-01   0.3600000E-02   0.9500000E-03   0.1643032E-02
  0.9374500E+00   0.4595000E-01   0.8450000E-02   0.8150000E-02  -0.1882915E+00
  0.9470500E+00   0.4800000E-01   0.4350000E-02   0.6000000E-03  -0.2934404E-02
  0.9481500E+00   0.4585000E-01   0.4850000E-02   0.1150000E-02  -0.2602842E-01
  0.9464000E+00   0.4780000E-01   0.4650000E-02   0.1150000E-02  -0.2298839E-01
  0.9496000E+00   0.4530000E-01   0.4000000E-02   0.1100000E-02  -0.1354194E-01
  0.9478500E+00   0.4545000E-01   0.5150000E-02   0.1550000E-02  -0.2041042E-01
  0.9479000E+00   0.4745000E-01   0.3700000E-02   0.9500000E-03   0.2001903E-01
  0.9479500E+00   0.4615000E-01   0.4750000E-02   0.1150000E-02   0.1112541E-01
  0.9499000E+00   0.4555000E-01   0.3850000E-02   0.7000000E-03  -0.1177254E-01
  0.9492500E+00   0.4565000E-01   0.3950000E-02   0.1150000E-02   0.1522024E-01
  0.9502500E+00   0.4570000E-01   0.3300000E-02   0.7500000E-03  -0.2819665E-02
  0.9479500E+00   0.4625000E-01   0.4400000E-02   0.1400000E-02   0.3590224E-01
  0.9463500E+00   0.4845000E-01   0.4400000E-02   0.8000000E-03  -0.4138513E-02
  0.9455500E+00   0.4765000E-01   0.4200000E-02   0.2600000E-02  -0.6105032E-01
  0.9478000E+00   0.4685000E-01   0.4100000E-02   0.1250000E-02  -0.2717529E-01
  0.9483500E+00   0.4540000E-01   0.5000000E-02   0.1250000E-02  -0.2264979E-01
  0.9504500E+00   0.4390000E-01   0.4450000E-02   0.1200000E-02  -0.1533715E-01
  0.9497000E+00   0.4515000E-01   0.4450000E-02   0.7000000E-03  -0.1460109E-01
  0.9463500E+00   0.4805000E-01   0.4700000E-02   0.9000000E-03  -0.5362845E-02
  0.9458500E+00   0.4880000E-01   0.4350000E-02   0.1000000E-02  -0.3643415E-02
  0.9489000E+00   0.4525000E-01   0.4800000E-02   0.1050000E-02   0.6052282E-02
  0.9459000E+00   0.4885000E-01   0.4500000E-02   0.7500000E-03   0.1958996E-01
  0.9480500E+00   0.4720000E-01   0.3800000E-02   0.9500000E-03  -0.1731617E-01
  0.9496000E+00   0.4485000E-01   0.4550000E-02   0.1000000E-02  -0.2153435E-01
  0.9465500E+00   0.4695000E-01   0.5050000E-02   0.1450000E-02   0.1684252E-01
  0.9458000E+00   0.4785000E-01   0.5550000E-02   0.8000000E-03   0.1161022E-01
  0.9484500E+00   0.4665000E-01   0.3900000E-02   0.1000000E-02   0.7825578E-02
  0.9459500E+00   0.4780000E-01   0.4750000E-02   0.1500000E-02   0.3178024E-01
  0.9485500E+00   0.4640000E-01   0.4050000E-02   0.1000000E-02   0.4400405E-02
  0.9481500E+00   0.4505000E-01   0.5050000E-02   0.1750000E-02   0.3085188E-01
  0.9411500E+00   0.4805000E-01   0.6750000E-02   0.4050000E-02   0.9427368E-01
  0.9397500E+00   0.4920000E-01   0.6700000E-02   0.4350000E-02   0.1083740E+00
  0.9330500E+00   0.4875000E-01   0.7900000E-02   0.1030000E-01   0.2276780E+00
  0.9396500E+00   0.4825000E-01   0.7100000E-02   0.5000000E-02   0.1248981E+00
  0.9463500E+00   0.4795000E-01   0.4500000E-02   0.1200000E-02   0.2291730E-01
  0.9478000E+00   0.4525000E-01   0.5450000E-02   0.1500000E-02   0.2555933E-01
  0.9484500E+00   0.4670000E-01   0.3900000E-02   0.9500000E-03  -0.1197277E-01
  0.9479500E+00   0.4645000E-01   0.4750000E-02   0.8500000E-03   0.1686412E-01
  0.9483500E+00   0.4575000E-01   0.5000000E-02   0.9000000E-03  -0.1047768E-01
  0.9449000E+00   0.4880000E-01   0.4600000E-02   0.1700000E-02   0.3178430E-01
  0.9484000E+00   0.4655000E-01   0.4100000E-02   0.9500000E-03  -0.3385018E-02
  0.9460000E+00   0.4820000E-01   0.4450000E-02   0.1350000E-02   0.2653404E-01
  0.9479000E+00   0.4700000E-01   0.3800000E-02   0.1300000E-02  -0.9871161E-03
  0.9500000E+00   0.4475000E-01   0.4550000E-02   0.7000000E-03  -0.7669896E-02
  0.9485000E+00   0.4620000E-01   0.4450000E-02   0.8500000E-03   0.1103104E-01
  0.9471000E+00   0.4775000E-01   0.4200000E-02   0.9500000E-03   0.5904379E-02
  0.9480500E+00   0.4660000E-01   0.4750000E-02   0.6000000E-03  -0.3222294E-02
  0.9494500E+00   0.4500000E-01   0.4550000E-02   0.1000000E-02   0.2364502E-02
  0.9476500E+00   0.4595000E-01   0.5050000E-02   0.1350000E-02   0.2250954E-01
  0.9473500E+00   0.4785000E-01   0.4150000E-02   0.6500000E-03  -0.4664048E-02
  0.9451500E+00   0.4735000E-01   0.5850000E-02   0.1650000E-02  -0.4726817E-01
  0.9467000E+00   0.4615000E-01   0.4900000E-02   0.2250000E-02  -0.5049593E-01
  0.9457500E+00   0.4945000E-01   0.4450000E-02   0.3500000E-03   0.8557397E-02
  0.9476500E+00   0.4635000E-01   0.4600000E-02   0.1400000E-02  -0.1394905E-01
  0.9488500E+00   0.4600000E-01   0.4250000E-02   0.9000000E-03  -0.1749039E-04
  0.9481500E+00   0.4635000E-01   0.4000000E-02   0.1500000E-02  -0.2275558E-01
  0.9501500E+00   0.4485000E-01   0.4300000E-02   0.7000000E-03   0.8634959E-02
  0.9479500E+00   0.4585000E-01   0.4450000E-02   0.1750000E-02  -0.3799681E-01
  0.9470000E+00   0.4725000E-01   0.4450000E-02   0.1300000E-02  -0.7072403E-02
  0.9494000E+00   0.4570000E-01   0.3950000E-02   0.9500000E-03  -0.3666126E-02
  0.9483000E+00   0.4645000E-01   0.4250000E-02   0.1000000E-02  -0.2759859E-02
  0.9485000E+00   0.4535000E-01   0.4850000E-02   0.1300000E-02  -0.1906933E-01
  0.9481500E+00   0.4680000E-01   0.4300000E-02   0.7500000E-03   0.3061702E-02
  0.9486000E+00   0.4605000E-01   0.4350000E-02   0.1000000E-02  -0.8113459E-02
  0.9467500E+00   0.4710000E-01   0.4750000E-02   0.1400000E-02  -0.3558959E-01
  0.9461500E+00   0.4795000E-01   0.4600000E-02   0.1300000E-02  -0.2708321E-01
  0.9344500E+00   0.4975000E-01   0.8100000E-02   0.7700000E-02  -0.1863733E+00
  0.9456000E+00   0.4720000E-01   0.5450000E-02   0.1750000E-02  -0.4205817E-01
  0.9480000E+00   0.4545000E-01   0.4950000E-02   0.1600000E-02  -0.3232049E-01
  0.9490000E+00   0.4550000E-01   0.4550000E-02   0.9500000E-03  -0.1965994E-01
  0.9466500E+00   0.4745000E-01   0.4600000E-02   0.1300000E-02  -0.9622562E-02
  0.9511000E+00   0.4405000E-01   0.3950000E-02   0.9000000E-03   0.2324029E-02
  0.9481000E+00   0.4440000E-01   0.4800000E-02   0.2700000E-02  -0.5572692E-01
  0.9373500E+00   0.5130000E-01   0.6600000E-02   0.4750000E-02   0.1224290E+00
  0.9478000E+00   0.4720000E-01   0.4000000E-02   0.1000000E-02  -0.2286891E-01
  0.9449500E+00   0.4985000E-01   0.4550000E-02   0.6500000E-03  -0.2476090E-02
  0.9474000E+00   0.4820000E-01   0.3850000E-02   0.5500000E-03   0.4697788E-03
  0.9478000E+00   0.4660000E-01   0.4600000E-02   0.1000000E-02  -0.1009099E-01
  0.9442000E+00   0.4870000E-01   0.5500000E-02   0.1600000E-02  -0.3859730E-01
  0.9467000E+00   0.4740000E-01   0.4450000E-02   0.1450000E-02  -0.3676216E-01
  0.9485500E+00   0.4515000E-01   0.4500000E-02   0.1800000E-02  -0.3346951E-01
  0.9520000E+00   0.4425000E-01   0.2850000E-02   0.9000000E-03   0.7159475E-02
  0.9477500E+00   0.4600000E-01   0.4500000E-02   0.1750000E-02  -0.3175452E-01
  0.9498500E+00   0.4525000E-01   0.4000000E-02   0.9000000E-03  -0.8640918E-02
  0.9459500E+00   0.4850000E-01   0.4450000E-02   0.1100000E-02  -0.2239209E-01
  0.9487500E+00   0.4575000E-01   0.4450000E-02   0.1050000E-02  -0.2358864E-01
  0.9471500E+00   0.4375000E-01   0.5900000E-02   0.3200000E-02  -0.7193088E-01
  0.9281500E+00   0.4855000E-01   0.9150000E-02   0.1415000E-01  -0.3321678E+00
  0.9479000E+00   0.4695000E-01   0.4200000E-02   0.9500000E-03   0.1175196E-01
  0.9495000E+00   0.4515000E-01   0.4300000E-02   0.1050000E-02   0.5288122E-03
  0.9490000E+00   0.4540000E-01   0.4850000E-02   0.7500000E-03   0.8003892E-02
  0.9471000E+00   0.4720000E-01   0.4600000E-02   0.1100000E-02   0.7025907E-02
  0.9467000E+00   0.4750000E-01   0.4750000E-02   0.1050000E-02   0.1338791E-01
  0.9492500E+00   0.4470000E-01   0.4600000E-02   0.1450000E-02   0.2500655E-01
  0.9480500E+00   0.4695000E-01   0.4150000E-02   0.8500000E-03  -0.5141698E-02
  0.9503000E+00   0.4375000E-01   0.4850000E-02   0.1100000E-02   0.7734987E-02
  0.9486500E+00   0.4650000E-01   0.4250000E-02   0.6000000E-03   0.4451092E-02
  0.9500000E+00   0.4585000E-01   0.3350000E-02   0.8000000E-03  -0.2524241E-02
  0.9469000E+00   0.4805000E-01   0.4200000E-02   0.8500000E-03  -0.5966028E-02
  0.9453000E+00   0.4910000E-01   0.4750000E-02   0.8500000E-03  -0.5087962E-02
  0.9516000E+00   0.4350000E-01   0.4050000E-02   0.8500000E-03  -0.7269030E-02
  0.9484500E+00   0.4660000E-01   0.4100000E-02   0.8500000E-03  -0.1179430E-02
  0.9459500E+00   0.4780000E-01   0.4650000E-02   0.1600000E-02   0.2062560E-01
  0.9485000E+00   0.4560000E-01   0.4750000E-02   0.1150000E-02   0.2556793E-01
  0.9495000E+00   0.4545000E-01   0.4100000E-02   0.9500000E-03  -0.7201853E-02
  0.9476000E+00   0.4655000E-01   0.4900000E-02   0.9500000E-03   0.1212338E-02
  0.9474500E+00   0.4665000E-01   0.4700000E-02   0.1200000E-02   0.3750327E-02
  0.9508000E+00   0.4385000E-01   0.4150000E-02   0.1200000E-02   0.1424621E-01
  0.9470000E+00   0.4770000E-01   0.4050000E-02   0.1250000E-02   0.5239039E-02
  0.9481500E+00   0.4635000E-01   0.4400000E-02   0.1100000E-02  -0.8984468E-02
  0.9472500E+00   0.4765000E-01   0.4050000E-02   0.1050000E-02   0.5410901E-02
  0.9481500E+00   0.4695000E-01   0.4100000E-02   0.8000000E-03  -0.8866070E-02
  0.9496500E+00   0.4485000E-01   0.4350000E-02   0.1150000E-02  -0.2552527E-02
  0.9493000E+00   0.4640000E-01   0.3500000E-02   0.8000000E-03  -0.2437140E-02
  0.9468500E+00   0.4785000E-01   0.4350000E-02   0.9500000E-03  -0.8016054E-02
  0.9480500E+00   0.4695000E-01   0.3800000E-02   0.1200000E-02  -0.2237594E-01
  0.9484000E+00   0.4675000E-01   0.3850000E-02   0.1000000E-02  -0.9627999E-02
  0.9476500E+00   0.4715000E-01   0.4350000E-02   0.8500000E-03  -0.1340417E-01
  0.9496000E+00   0.4550000E-01   0.3500000E-02   0.1400000E-02   0.1392165E-03
  0.9511500E+00   0.4335000E-01   0.4650000E-02   0.8500000E-03   0.1111990E-01
  0.9490500E+00   0.4560000E-01   0.4400000E-02   0.9500000E-03   0.1193878E-01
  0.9464500E+00   0.4880000E-01   0.3700000E-02   0.1050000E-02   0.7273503E-02
  0.9482000E+00   0.4670000E-01   0.3750000E-02   0.1350000E-02   0.1698032E-01
  0.9500500E+00   0.4490000E-01   0.4050000E-02   0.1000000E-02   0.1620184E-01
  0.9467500E+00   0.4720000E-01   0.4350000E-02   0.1700000E-02   0.4159892E-01
  0.9494000E+00   0.4505000E-01   0.4300000E-02   0.1250000E-02   0.2637453E-01
  0.9449500E+00   0.4605000E-01   0.6200000E-02   0.2800000E-02  -0.6285728E-01
  0.9506000E+00   0.4415000E-01   0.4200000E-02   0.1050000E-02  -0.1846229E-01
  0.9493000E+00   0.4500000E-01   0.4650000E-02   0.1050000E-02  -0.2336251E-01
  0.9463000E+00   0.4785000E-01   0.4800000E-02   0.1050000E-02   0.2031163E-01
  0.9482500E+00   0.4655000E-01   0.4050000E-02   0.1150000E-02  -0.5091960E-02
